2 14 1 9 1 1 1 
2 17 2 6 1 1 1 
2 22 1 16 1 1 1 
2 14 1 10 1 1 1 
2 0 1 1 1 1 1 
2 0 1 4 1 1 1 
2 5 1 5 1 1 1 
6 9 1 5 1 1 1 9 ( 3 ) 
2 5 1 3 1 1 1 
2 21 2 5 1 1 1 
2 22 2 5 1 1 1 
2 14 1 5 1 1 1 
2 14 1 6 1 1 1 
2 0 1 5 1 1 1 
2 11 1 0 1 1 1 
2 8 1 14 1 1 1 
2 17 2 8 1 1 1 
2 19 1 9 1 1 1 
2 23 1 9 1 1 1 
2 18 1 9 1 1 1 
2 7 1 0 1 1 1 
2 15 1 10 1 1 1 
2 22 2 17 1 1 1 
2 22 2 6 1 1 1 
2 21 2 13 1 1 1 
2 6 1 0 1 1 1 
2 22 1 9 1 1 1 
2 19 1 6 1 1 1 
2 18 1 13 1 1 1 
2 17 2 11 1 1 1 
2 23 1 10 1 1 1 
2 12 1 14 1 1 1 
2 19 2 15 1 1 1 
2 14 1 13 1 1 1 
2 20 2 5 1 1 1 
2 14 1 3 1 1 1 
2 20 1 13 1 1 1 
2 14 1 7 1 1 1 
2 14 1 12 1 1 1 
2 21 1 7 1 1 1 
2 17 2 13 1 1 1 
2 15 1 12 1 1 1 
2 6 1 5 1 1 1 
2 23 2 13 1 1 1 
2 1 1 5 1 1 1 
6 5 1 4 1 1 1 5 ( 2 ) 
2 19 2 14 1 1 1 
2 19 1 13 1 1 1 
2 17 2 17 1 1 1 
2 23 2 14 1 1 1 
2 8 1 11 1 1 1 
3 6 1 1 1 1 1 0 
2 20 1 9 1 1 1 
2 17 2 10 1 1 1 
2 17 1 12 1 1 1 
2 8 1 0 1 1 1 
2 21 2 15 1 1 1 
2 17 2 9 1 1 1 
2 16 1 12 1 1 1 
10 22 1 14 1 1 1 180 
2 13 1 14 1 1 1 
6 13 1 5 1 1 1 4 ( 1 ) 
2 17 2 5 1 1 1 
2 19 1 7 1 1 1 
8 1 1 4 1 1 1 8 ( 6 ) 0 
2 20 2 9 1 1 1 
3 13 1 1 1 1 1 1 
2 23 2 17 1 1 1 
2 22 1 15 1 1 0.99835 
5 8 1 3 1.08 1.08 1.08 1 ( 4 ) 
2 19 2 17 1 1 1 
2 14 1 0 1 1 1 
2 18 1 7 1 1 1 
2 18 1 16 1 1 1 
2 20 1 6 1 1 1 
2 14 1 5 1 1 1 
2 18 1 8 1 1 1 
2 8 1 13 1 1 1 
2 18 1 14 1 1 1 
2 1 1 1 1 1 1 
4 9 1 13 1 1 1 2 ( 5 ) 
2 17 2 12 1 1 1 
2 20 1 8 1 1 1 
2 19 2 10 1 1 1 
2 23 2 16 1 1 1 
2 21 2 9 1 1 1 
2 21 2 14 1 1 1 
2 20 2 17 1 1 1 
2 5 1 0 1 1 1 
2 3 1 1 1 1 1 
2 22 2 7 1 1 1 
2 4 1 5 1 1 1 
2 0 1 3 1 1 1 
2 8 1 8 1 1 1 
8 1 1 2 1 1 1 7 ( 6 ) 1 
2 0 1 2 1 1 1 
2 23 1 12 1 1 1 
2 7 1 5 1 1 1 
2 10 1 5 1 1 1 
2 14 1 2 1 1 1 
2 17 2 16 1 1 1 
2 19 1 16 1 1 1 
2 18 1 12 1 1 1 
2 21 1 13 1 1 1 
2 8 1 10 1 1 1 
2 16 1 10 1 1 1 
2 19 2 11 1 1 1 
2 23 1 11 1 1 1 
2 17 1 10 1 1 1 
2 13 1 0 1 1 1 
2 8 1 6 1 1 1 
2 10 1 14 1 1 1 
2 10 1 0 1 1 1 
2 23 1 13 1 1 1 
2 19 2 13 1 1 1 
2 18 2 5 1 1 1 
2 12 1 5 1 1 1 
2 22 2 8 1 1 1 
2 20 1 7 1 1 1 
2 14 1 8 1 1 1 
2 5 1 2 1 1 1 
2 20 2 13 1 1 1 
2 19 2 12 1 1 1 
2 8 1 9 1 1 1 
2 19 2 9 1 1 1 
2 4 1 1 1 1 1 
2 18 1 6 1 1 1 
2 18 1 10 1 1 1 
2 8 1 7 1 1 1 
2 9 1 0 1 1 1 
2 12 1 0 1 1 1 
2 3 1 5 1 1 1 
2 20 2 15 1 1 1 
2 17 2 15 1 1 1 
2 20 1 16 1 1 1 
2 17 2 7 1 1 1 
2 11 1 14 1 1 1 
2 23 2 15 1 1 1 
2 5 1 1 1 1 1 
2 21 1 8 1 1 1 
2 18 2 17 1 1 1 
2 8 1 12 1 1 1 
2 17 2 14 1 1 1 
9 18 1 11 1 1 1 6 ( 18 1 11 18 2 11 ) 
4 21 2 7 1 1 1 3 ( 9 ) 
2 14 1 14 1 1 1 
2 21 2 17 1 1 1 
2 20 2 14 1 1 1 
2 19 2 5 1 1 1 
2 14 1 4 1 1 1 
2 21 1 6 1 1 1 
2 21 1 16 1 1 1 
2 2 1 5 1 1 1 
2 8 1 5 1 1 1 
2 11 1 5 1 1 1 
2 8 0 8 66.8972 1 53.85014 
2 2 1 1 1 1 1 
2 18 1 15 1 1 1 
2 22 2 9 1 1 1 
2 14 1 1 1 1 1 
2 9 1 14 1 1 1 
2 19 1 8 1 1 1 
2 21 1 9 1 1 1 
