7 2 0 2 1 1 1 6 
2 28 3 9 1 1 1 
2 -7 -1 1 1 1 1 
2 6 -1 -2 1 1 1 
9 25 0 8 1 1 1 14 ( 26 1 9 24 1 9 ) 
2 -7 0 2 1 1 1 
2 35 4 9 1 1 1 
2 0 -1 4 1 1 1 
2 42 0 6 1 1 1 
2 5 -1 0 1 1 1 
2 7 0 -3 1 1 1 
2 23 0 7 1 1 1 
2 30 1 0 1 1 1 
2 43 1 1 1 1 1 
2 25 1 0 1 1 1 
2 4 -1 -1 1 1 1 
2 40 1 0 1 1 1 
2 2 -1 -5 1 1 1 
2 38 2 9 1 1 1 
2 -6 -1 -2 1 1 1 
2 25 3 9 1 1 1 
2 34 4 9 1 1 1 
2 32 0 8 1 1 1 
2 42 3 9 1 1 1 
5 38 5 8 1 1 1 16 ( 9 ) 
2 44 4 8 1 1 1 
2 5 -1 -1 1 1 1 
2 -2 0 2 1 1 1 
2 35 6 9 1 1 1 
5 2 0 5 1 1 1 2 ( 1 ) 
2 19 4 3 1 1 1 
2 38 2 8 1 1 1 
2 38 3 8 1 1 1 
2 38 3 7 1 1 1 
2 38 2 7 1 1 1 
2 38 1 8 1 1 1 
2 38 1 7 1 1 1 
2 -1 -1 -4 1 1 1 
2 44 7 1 1 1 1 
2 34 0 8 1 1 1 
2 -3 -1 -1 1 1 1 
2 36 0 4 1 1 1 
2 27 7 9 1 1 1 
2 38 0 8 1 1 1 
2 33 0 2 1 1 1 
2 21 0 5 1 1 1 
2 24 0 3 1 1 1 
2 38 3 9 1 1 1 
2 -2 0 1 1 1 1 
2 32 3 9 1 1 1 
2 40 0 5 1 1 1 
2 38 0 7 1 1 1 
2 42 0 2 1 1 1 
2 19 4 1 1 1 1 
2 32 0 2 1 1 1 
2 37 0 3 1 1 1 
2 -2 0 -2 1 1 1 
2 -4 -1 0 1 1 1 
2 40 1 1 1 1 1 
2 22 0 1 1 1 1 
2 23 0 6 1 1 1 
2 42 0 4 1 1 1 
2 40 6 5 1 1 1 
2 24 0 6 1 1 1 
2 39 0 8 1 1 1 
2 -3 -1 1 1 1 1 
2 40 6 1 1 1 1 
2 4 -1 -2 1 1 1 
2 21 2 1 1 1 1 
2 35 2 9 1 1 1 
2 21 3 9 1 1 1 
2 44 4 6 1 1 1 
2 -7 -1 -1 1 1 1 
2 -2 0 3 1 1 1 
2 10 0 1 1 1 1 
2 -1 -1 1 1 1 1 
2 34 0 2 1 1 1 
2 46 1 2 1 1 1 
2 29 0 2 1 1 1 
2 34 0 1 1 1 1 
2 5 0 -5 1 1 1 
2 44 5 4 1 1 1 
2 23 1 3 1 1 1 
2 22 5 9 1 1 1 
2 39 0 5 1 1 1 
2 0 -1 -5 1 1 1 
6 5 0 -1 1 1 1 1 ( 2 ) 
2 44 7 4 1 1 1 
2 29 1 9 1 1 1 
2 44 4 3 1 1 1 
2 41 0 4 1 1 1 
2 3 -1 0 1 1 1 
2 20 4 8 1 1 1 
2 -1 -1 3 1 1 1 
10 24 2 2 1 1 1 90 
2 26 6 9 1 1 1 
2 41 1 9 1 1 1 
2 30 0 3 1 1 1 
2 36 0 6 1 1 1 
2 -8 0 -3 1 1 1 
2 1 -1 0 1 1 1 
2 3 -1 -2 1 1 1 
2 37 0 6 1 1 1 
2 35 0 1 1 1 1 
2 19 3 4 1 1 1 
2 4 -1 4 1 1 1 
2 8 0 -3 1 1 1 
2 19 2 8 1 1 1 
2 40 2 6 1 1 1 
2 20 1 1 1 1 1 
2 39 7 9 1 1 1 
2 28 1 9 1 1 1 
2 35 5 9 1 1 1 
2 21 1 1 1 1 1 
2 24 5 9 1 1 1 
2 47 1 3 1 1 1 
2 24 2 9 1 1 1 
2 21 1 3 1 1 1 
2 40 3 1 1 1 1 
2 31 1 9 1 1 1 
2 23 1 2 1 1 1 
2 25 0 2 1 1 1 
2 -5 0 -3 1 1 1 
2 29 6 9 1 1 1 
2 20 3 9 1 1 1 
2 30 7 9 1 1 1 
2 40 0 6 1 1 1 
2 -4 -1 -2 1 1 1 
2 31 3 9 1 1 1 
2 33 1 9 1 1 1 
2 29 0 5 1 1 1 
2 40 1 2 1 1 1 
2 -2 0 5 1 1 1 
2 34 0 3 1 1 1 
2 33 0 7 1 1 1 
2 -8 -1 -1 1 1 1 
2 5 0 5 1 1 1 
2 44 6 5 1 1 1 
2 41 0 1 1 1 1 
4 -2 0 0 1 1 1 3 ( 5 ) 
2 27 6 9 1 1 1 
2 40 7 8 1 1 1 
2 38 1 9 1 1 1 
2 0 0 2 1 1 1 
2 28 4 9 1 1 1 
2 46 1 4 1 1 1 
2 44 5 3 1 1 1 
2 29 4 7 1 1 1 
2 4 -1 2 1 1 1 
2 27 3 9 1 1 1 
2 21 3 1 1 1 1 
2 20 2 2 1 1 1 
2 40 4 3 1 1 1 
2 44 5 2 1 1 1 
2 31 2 9 1 1 1 
2 -2 0 -3 1 1 1 
2 43 0 4 1 1 1 
2 36 4 9 1 1 1 
2 -5 -1 -2 1 1 1 
2 40 1 9 1 1 1 
2 34 0 4 1 1 1 
2 31 0 1 1 1 1 
2 30 0 6 1 1 1 
2 44 1 6 1 1 1 
2 19 0 7 1 1 1 
2 33 0 4 1 1 1 
2 43 0 6 1 1 1 
2 24 0 8 1 1 1 
2 23 2 9 1 1 1 
2 43 3 9 1 1 1 
2 44 1 5 1 1 1 
2 38 1 0 1 1 1 
2 39 0 6 1 1 1 
2 31 4 7 1 1 1 
2 40 7 7 1 1 1 
2 39 1 5 0 0 0 
2 40 7 1 1 1 1 
2 37 6 9 1 1 1 
2 36 1 0 1 1 1 
2 44 6 8 1 1 1 
2 30 4 7 1 1 1 
2 30 0 8 1 1 1 
2 41 0 3 1 1 1 
2 42 0 7 1 1 1 
2 -6 -1 -1 1 1 1 
2 20 2 3 1 1 1 
2 3 -1 4 1 1 1 
2 40 7 4 1 1 1 
2 33 0 3 1 1 1 
2 -8 -1 1 1 1 1 
2 21 0 2 1 1 1 
2 -7 -1 -2 1 1 1 
2 44 4 4 1 1 1 
10 26 1 2 1 1 1 90 
2 20 3 1 1 1 1 
2 7 -1 0 1 1 1 
2 19 5 2 1 1 1 
2 42 0 5 1 1 1 
2 43 0 3 1 1 1 
2 45 0 3 1 1 1 
2 26 0 6 1 1 1 
2 35 0 5 1 1 1 
2 29 0 4 1 1 1 
2 41 1 8 1 1 1 
2 42 1 8 1 1 1 
2 38 0 3 1 1 1 
2 24 0 4 1 1 1 
2 27 0 1 1 1 1 
2 26 0 2 1 1 1 
2 40 6 3 1 1 1 
2 1 -1 3 1 1 1 
2 28 0 4 1 1 1 
2 31 6 9 1 1 1 
2 20 0 5 1 1 1 
2 0 -1 -4 1 1 1 
2 22 1 3 1 1 1 
2 37 0 4 1 1 1 
2 21 0 7 1 1 1 
3 -8 0 0 1 1 1 0 
2 43 7 9 1 1 1 
2 6 0 1 1 1 1 
2 4 0 -3 1 1 1 
2 40 2 5 1 1 1 
2 36 4 7 1 1 1 
2 26 2 9 1 1 1 
2 29 2 9 1 1 1 
2 20 0 1 1 1 1 
2 19 0 6 1 1 1 
2 42 7 9 1 1 1 
2 20 0 4 1 1 1 
2 43 0 7 1 1 1 
2 37 4 9 1 1 1 
2 36 0 3 1 1 1 
2 44 5 1 1 1 1 
2 29 0 7 1 1 1 
2 29 5 9 1 1 1 
2 29 1 0 1 1 1 
6 -2 0 -1 1 1 1 5 ( 3 ) 
2 43 1 9 1 1 1 
2 33 2 8 1 1 1 
2 33 3 8 1 1 1 
2 33 3 7 1 1 1 
2 33 2 7 1 1 1 
2 33 1 8 1 1 1 
2 33 1 7 1 1 1 
2 40 5 7 1 1 1 
2 32 0 3 1 1 1 
2 2 -1 -4 1 1 1 
2 25 0 7 1 1 1 
2 4 0 2 1 1 1 
2 22 1 9 1 1 1 
2 39 3 9 1 1 1 
6 44 1 3 1 1 1 9 ( 16 ) 
2 1 -1 1 1 1 1 
2 1 -1 2 1 1 1 
2 -6 0 2 1 1 1 
2 5 0 2 1 1 1 
2 40 1 7 1 1 1 
2 0 -1 5 1 1 1 
2 32 0 7 1 1 1 
2 45 1 2 1 1 1 
2 21 4 8 1 1 1 
2 34 7 9 1 1 1 
2 43 2 9 1 1 1 
2 40 5 4 1 1 1 
2 20 1 3 1 1 1 
2 4 -1 -5 1 1 1 
2 33 0 6 1 1 1 
2 40 7 6 1 1 1 
2 22 2 9 1 1 1 
2 24 4 7 1 1 1 
2 33 2 9 1 1 1 
2 44 3 8 1 1 1 
2 7 0 1 1 1 1 
2 6 -1 0 1 1 1 
2 28 0 6 1 1 1 
2 19 3 9 1 1 1 
2 19 3 3 1 1 1 
2 3 -1 3 1 1 1 
2 24 6 9 1 1 1 
2 2 -1 -2 1 1 1 
2 19 1 9 1 1 1 
2 19 5 6 1 1 1 
2 26 1 0 1 1 1 
2 40 5 3 1 1 1 
2 35 0 7 1 1 1 
2 10 0 -3 1 1 1 
2 40 4 8 1 1 1 
2 32 0 6 1 1 1 
2 37 1 0 1 1 1 
2 3 0 2 1 1 1 
2 22 4 9 1 1 1 
2 32 0 4 1 1 1 
2 25 4 9 1 1 1 
2 44 5 6 1 1 1 
2 20 7 9 1 1 1 
2 -5 0 2 1 1 1 
2 28 0 5 1 1 1 
2 -5 -1 0 1 1 1 
2 27 1 0 1 1 1 
2 19 4 8 1 1 1 
2 27 2 9 1 1 1 
2 41 4 9 1 1 1 
2 19 4 6 1 1 1 
2 22 7 9 1 1 1 
2 38 0 1 1 1 1 
2 -2 0 0 1 1 1 
2 20 2 9 1 1 1 
2 3 -1 1 1 1 1 
2 21 2 9 1 1 1 
2 40 7 5 1 1 1 
2 19 0 5 1 1 1 
2 24 7 9 1 1 1 
2 44 4 2 1 1 1 
2 40 4 6 1 1 1 
2 27 4 7 1 1 1 
2 33 4 7 1 1 1 
2 25 0 6 1 1 1 
2 40 4 4 1 1 1 
2 22 0 6 1 1 1 
2 29 4 8 1 1 1 
2 -4 0 2 1 1 1 
2 0 0 6 1 1 1 
2 23 4 7 1 1 1 
2 20 0 8 1 1 1 
2 37 1 8 1 1 1 
2 23 5 9 1 1 1 
2 30 0 1 1 1 1 
2 39 6 9 1 1 1 
2 28 0 7 1 1 1 
2 40 0 1 1 1 1 
2 43 6 9 1 1 1 
2 40 5 6 1 1 1 
2 -1 -1 -3 1 1 1 
2 -1 0 -5 1 1 1 
2 38 4 9 1 1 1 
2 31 0 3 1 1 1 
2 21 0 8 1 1 1 
2 41 0 8 1 1 1 
2 35 1 0 1 1 1 
2 9 0 -3 1 1 1 
2 33 3 9 1 1 1 
2 4 -1 5 1 1 1 
8 26 1 9 1 1 1 22 ( 14 ) 0 
2 24 0 2 1 1 1 
2 40 5 1 1 1 1 
2 22 2 3 1 1 1 
2 23 4 9 1 1 1 
2 5 0 1 1 1 1 
2 28 0 1 1 1 1 
2 30 0 4 1 1 1 
2 10 -1 -1 1 1 1 
2 29 1 8 1 1 1 
2 22 3 1 1 1 1 
2 41 7 9 1 1 1 
2 22 1 1 1 1 1 
2 45 1 4 1 1 1 
2 44 6 3 1 1 1 
2 19 6 9 1 1 1 
2 46 0 3 1 1 1 
2 44 3 3 1 1 1 
2 2 -1 4 1 1 1 
2 27 0 3 1 1 1 
2 3 -1 5 1 1 1 
2 33 1 0 1 1 1 
2 5 0 -2 1 1 1 
2 -6 0 -3 1 1 1 
2 32 2 9 1 1 1 
2 41 5 9 1 1 1 
2 -1 0 6 1 1 1 
2 33 7 9 1 1 1 
2 42 5 9 1 1 1 
10 21 3 4 1 1 1 180 
2 31 0 2 1 1 1 
2 0 -1 -3 1 1 1 
2 37 1 9 1 1 1 
2 35 4 7 1 1 1 
2 3 -1 -1 1 1 1 
2 44 3 6 1 1 1 
2 -1 -1 -2 1 1 1 
2 38 0 2 1 1 1 
2 32 1 7 1 1 1 
2 32 1 8 1 1 1 
2 40 3 8 1 1 1 
2 40 5 5 1 1 1 
2 42 0 1 1 1 1 
2 -2 1 0 1 1 1 
2 -2 -1 -1 1 1 1 
2 32 1 9 1 1 1 
2 20 1 9 1 1 1 
2 3 -1 -5 1 1 1 
2 36 2 9 1 1 1 
2 26 4 7 1 1 1 
2 44 1 1 1 1 1 
2 26 7 9 1 1 1 
2 35 0 3 1 1 1 
2 40 1 5 1 1 1 
2 19 4 5 1 1 1 
2 25 0 3 1 1 1 
2 19 4 9 1 1 1 
2 40 6 7 1 1 1 
2 19 2 9 1 1 1 
2 28 1 0 1 1 1 
2 40 4 2 1 1 1 
2 27 0 8 1 1 1 
2 34 5 9 1 1 1 
2 -9 0 -1 1 1 1 
7 1 0 2 1 1 1 7 
2 30 1 8 1 1 1 
2 23 3 9 1 1 1 
2 28 2 8 1 1 1 
2 28 3 8 1 1 1 
2 28 3 7 1 1 1 
2 28 2 7 1 1 1 
2 28 1 8 1 1 1 
2 28 1 7 1 1 1 
2 4 -1 -4 1 1 1 
2 2 -1 -3 1 1 1 
6 40 1 3 1 1 1 12 ( 10 ) 
2 21 0 3 1 1 1 
2 31 7 9 1 1 1 
2 3 0 -5 1 1 1 
2 44 6 6 1 1 1 
2 40 1 6 1 1 1 
2 -5 -1 -1 1 1 1 
2 26 5 9 1 1 1 
2 40 1 8 1 1 1 
2 40 3 5 1 1 1 
2 34 1 8 0 0 0 
2 40 2 9 1 1 1 
2 37 0 1 1 1 1 
2 -2 0 -4 1 1 1 
2 35 7 9 1 1 1 
2 44 7 2 1 1 1 
2 41 0 7 1 1 1 
2 27 0 7 1 1 1 
8 24 1 9 1 1 1 21 ( 14 ) 1 
2 33 0 5 1 1 1 
2 22 2 2 1 1 1 
2 19 4 2 1 1 1 
2 31 0 6 1 1 1 
2 23 0 1 1 1 1 
2 43 0 5 1 1 1 
2 30 0 5 1 1 1 
2 42 4 9 1 1 1 
2 33 4 9 1 1 1 
2 23 0 8 1 1 1 
2 19 4 4 1 1 1 
2 37 0 2 1 1 1 
2 44 3 7 1 1 1 
2 26 0 4 1 1 1 
2 21 1 9 1 1 1 
2 44 7 3 1 1 1 
2 35 1 9 1 1 1 
2 22 0 8 1 1 1 
2 44 3 2 1 1 1 
2 44 7 6 1 1 1 
2 27 4 9 1 1 1 
2 35 3 9 1 1 1 
2 6 0 -3 1 1 1 
2 23 6 9 1 1 1 
2 40 7 9 1 1 1 
2 43 0 8 1 1 1 
2 21 0 1 1 1 1 
2 25 5 9 1 1 1 
2 0 -1 -1 1 1 1 
2 22 1 2 1 1 1 
2 3 -1 -3 1 1 1 
2 39 0 1 1 1 1 
2 23 0 3 1 1 1 
2 25 0 5 1 1 1 
2 43 5 9 1 1 1 
4 40 1 4 1 1 1 10 ( 12 ) 
2 40 7 2 1 1 1 
2 30 6 9 1 1 1 
2 19 7 9 1 1 1 
2 23 0 4 1 1 1 
2 22 6 9 1 1 1 
2 1 0 6 1 1 1 
2 29 7 9 1 1 1 
2 26 0 5 1 1 1 
2 34 4 7 1 1 1 
2 -8 0 2 1 1 1 
2 -2 -1 0 1 1 1 
2 3 -1 2 1 1 1 
2 44 4 5 1 1 1 
2 23 4 8 1 1 1 
2 2 -1 2 1 1 1 
2 28 0 8 1 1 1 
2 2 -1 -1 1 1 1 
2 8 -1 0 1 1 1 
2 37 7 9 1 1 1 
2 44 7 5 1 1 1 
2 40 1 4 1 1 1 
2 -9 0 0 1 1 1 
2 20 0 3 1 1 1 
2 40 3 4 1 1 1 
2 44 2 4 1 1 1 
2 19 3 2 1 1 1 
2 40 0 2 1 1 1 
2 36 0 1 1 1 1 
2 31 4 8 1 1 1 
2 42 1 0 1 1 1 
2 40 7 3 1 1 1 
2 39 5 9 1 1 1 
2 -8 -1 0 1 1 1 
2 1 -1 -1 1 1 1 
2 26 1 9 1 1 1 
2 19 5 7 1 1 1 
2 21 0 4 1 1 1 
2 31 0 8 1 1 1 
2 5 0 3 1 1 1 
2 32 0 5 1 1 1 
2 -6 -1 1 1 1 1 
2 -3 -1 -2 1 1 1 
2 -4 0 -3 1 1 1 
2 25 0 1 1 1 1 
2 -1 -1 0 1 1 1 
2 40 4 1 1 1 1 
2 39 0 4 1 1 1 
2 1 -1 -4 1 1 1 
2 29 0 3 1 1 1 
2 38 4 7 1 1 1 
2 9 0 1 1 1 1 
2 36 1 9 1 1 1 
2 44 2 5 1 1 1 
2 36 4 8 1 1 1 
2 31 0 7 1 1 1 
2 39 2 9 1 1 1 
2 34 2 9 1 1 1 
2 26 4 9 1 1 1 
2 2 -1 0 1 1 1 
2 40 5 9 1 1 1 
2 44 6 4 1 1 1 
2 34 0 5 1 1 1 
2 19 2 4 1 1 1 
2 36 5 9 1 1 1 
2 5 0 0 1 1 1 
2 28 0 3 1 1 1 
2 5 0 -4 1 1 1 
2 26 0 7 1 1 1 
2 39 4 7 1 1 1 
2 36 0 5 1 1 1 
2 44 2 8 1 1 1 
2 8 -1 -2 1 1 1 
2 21 2 3 1 1 1 
2 20 0 2 1 1 1 
2 -9 0 1 1 1 1 
2 40 5 2 1 1 1 
2 28 6 9 1 1 1 
2 32 0 1 1 1 1 
2 26 3 9 1 1 1 
2 22 0 3 1 1 1 
2 27 4 8 1 1 1 
2 44 3 4 1 1 1 
2 40 6 2 1 1 1 
2 -2 2 1 1 1 1 
2 31 0 5 1 1 1 
2 36 0 2 1 1 1 
2 7 -1 -2 1 1 1 
2 2 -1 5 1 1 1 
2 44 2 2 1 1 1 
2 35 4 8 1 1 1 
2 28 4 8 1 1 1 
2 36 0 7 1 1 1 
2 43 0 1 1 1 1 
2 3 0 6 1 1 1 
2 20 0 7 1 1 1 
2 -4 -1 -1 1 1 1 
2 41 0 2 1 1 1 
2 40 4 9 1 1 1 
2 28 0 2 1 1 1 
2 32 4 8 1 1 1 
2 38 0 6 1 1 1 
2 -7 -1 0 1 1 1 
2 40 2 8 1 1 1 
2 9 -1 0 1 1 1 
2 20 5 9 1 1 1 
2 5 -1 -2 1 1 1 
2 44 3 1 1 1 1 
2 35 0 4 1 1 1 
2 24 1 1 1 1 1 
2 1 -1 -2 1 1 1 
2 36 0 8 1 1 1 
2 35 0 8 1 1 1 
2 19 3 8 1 1 1 
2 28 2 9 1 1 1 
2 37 5 9 1 1 1 
2 36 6 9 1 1 1 
2 27 5 9 1 1 1 
2 22 3 9 1 1 1 
2 39 0 7 1 1 1 
2 40 4 5 1 1 1 
2 9 -1 -2 1 1 1 
2 0 -1 2 1 1 1 
2 10 -1 0 1 1 1 
2 41 1 7 0 0 0 
2 43 0 2 1 1 1 
2 40 6 4 1 1 1 
2 24 1 2 1 1 1 
2 35 0 2 1 1 1 
2 22 2 1 1 1 1 
2 0 -1 0 1 1 1 
2 44 2 7 1 1 1 
2 1 -1 -5 1 1 1 
2 32 5 9 1 1 1 
2 -2 2 -1 1 1 1 
2 32 4 9 1 1 1 
2 27 1 0 1 1 1 
2 2 -1 3 1 1 1 
2 40 3 7 1 1 1 
2 2 -1 1 1 1 1 
2 37 3 9 1 1 1 
2 23 0 2 1 1 1 
2 20 2 1 1 1 1 
2 4 0 -5 1 1 1 
2 6 -1 -1 1 1 1 
2 44 7 8 1 1 1 
2 4 -1 -3 1 1 1 
2 4 0 6 1 1 1 
2 -4 -1 1 1 1 1 
2 -1 -1 4 1 1 1 
2 25 1 9 1 1 1 
2 8 -1 -1 1 1 1 
2 29 0 1 1 1 1 
2 39 1 0 1 1 1 
2 25 2 9 1 1 1 
2 44 6 2 1 1 1 
2 4 0 -4 0 0 0 
2 44 6 7 1 1 1 
2 19 5 8 1 1 1 
2 -9 0 -2 1 1 1 
2 0 -1 1 1 1 1 
2 4 -1 0 1 1 1 
2 -2 -1 1 1 1 1 
2 34 0 7 1 1 1 
2 38 0 4 1 1 1 
2 19 5 1 1 1 1 
2 41 2 9 1 1 1 
2 24 1 9 1 1 1 
2 38 5 9 1 1 1 
2 -7 0 -3 1 1 1 
2 5 0 4 1 1 1 
2 30 5 9 1 1 1 
2 31 1 0 1 1 1 
2 23 1 1 1 1 1 
2 39 4 8 1 1 1 
2 43 1 0 1 1 1 
2 30 0 2 1 1 1 
2 43 4 9 1 1 1 
2 39 0 3 1 1 1 
2 24 0 1 1 1 1 
2 36 1 8 1 1 1 
2 24 4 8 1 1 1 
2 34 0 6 1 1 1 
2 27 0 4 1 1 1 
2 31 4 9 1 1 1 
2 40 5 8 1 1 1 
2 21 7 9 1 1 1 
2 -2 2 0 1 1 1 
2 2 0 6 1 1 1 
2 44 2 1 1 1 1 
2 19 5 9 1 1 1 
2 27 0 5 1 1 1 
2 20 0 6 1 1 1 
2 21 6 9 1 1 1 
2 0 0 -5 1 1 1 
2 19 1 8 1 1 1 
2 28 5 9 1 1 1 
2 34 6 9 1 1 1 
2 44 1 7 1 1 1 
2 -1 -1 5 1 1 1 
2 5 0 6 1 1 1 
2 29 0 8 1 1 1 
2 22 0 4 1 1 1 
2 21 0 6 1 1 1 
2 44 1 8 1 1 1 
2 38 7 9 1 1 1 
2 44 5 5 1 1 1 
2 44 7 7 1 1 1 
2 26 0 3 1 1 1 
2 19 5 5 1 1 1 
2 40 0 4 1 1 1 
2 30 4 8 1 1 1 
2 25 0 4 1 1 1 
2 0 -1 -2 1 1 1 
2 40 2 1 1 1 1 
2 29 4 9 1 1 1 
2 24 1 3 1 1 1 
2 19 5 4 1 1 1 
2 40 6 6 1 1 1 
2 44 3 5 1 1 1 
2 -1 -1 -5 1 1 1 
2 25 0 8 1 1 1 
2 42 1 9 1 1 1 
2 27 0 2 1 1 1 
2 19 4 7 1 1 1 
2 -3 0 -3 1 1 1 
2 36 3 9 1 1 1 
2 21 1 2 1 1 1 
2 30 4 9 1 1 1 
2 -2 0 -5 1 1 1 
2 -2 -1 -2 1 1 1 
2 -3 -1 0 1 1 1 
2 42 2 9 1 1 1 
2 8 0 1 1 1 1 
2 -2 0 4 1 1 1 
2 28 4 7 1 1 1 
2 37 0 8 1 1 1 
2 22 0 7 1 1 1 
2 34 1 0 1 1 1 
2 37 2 9 1 1 1 
2 40 0 3 1 1 1 
2 -1 -1 -1 1 1 1 
2 27 1 9 1 1 1 
2 0 -1 3 1 1 1 
2 19 1 4 1 1 1 
2 -6 -1 0 1 1 1 
2 3 0 -4 0 0 0 
2 30 0 7 1 1 1 
2 3 -1 -4 1 1 1 
2 41 1 0 1 1 1 
2 44 1 4 1 1 1 
2 38 4 8 1 1 1 
2 33 0 1 1 1 1 
2 40 3 9 1 1 1 
2 33 4 8 1 1 1 
2 39 0 2 1 1 1 
2 -2 2 -2 1 1 1 
2 1 0 -5 1 1 1 
2 21 5 9 1 1 1 
7 38 5 8 1 1 1 15 
2 37 4 7 1 1 1 
2 7 -1 -1 1 1 1 
2 33 0 8 1 1 1 
2 1 -1 4 1 1 1 
2 38 0 5 1 1 1 
2 32 4 7 1 1 1 
2 34 1 9 1 1 1 
2 41 0 5 1 1 1 
2 39 1 9 1 1 1 
2 40 2 4 1 1 1 
2 24 0 5 1 1 1 
2 23 1 9 1 1 1 
2 20 4 9 1 1 1 
2 32 6 9 1 1 1 
2 30 3 9 1 1 1 
2 30 2 9 1 1 1 
2 2 0 -5 1 1 1 
2 20 6 9 1 1 1 
2 -1 0 2 1 1 1 
2 41 0 6 1 1 1 
2 24 3 9 1 1 1 
2 40 0 7 1 1 1 
2 9 -1 -1 1 1 1 
2 44 2 6 1 1 1 
2 37 4 8 1 1 1 
2 -3 0 2 1 1 1 
2 34 4 8 1 1 1 
10 21 4 6 1 1 1 180 
2 10 -1 -2 1 1 1 
2 38 6 9 1 1 1 
2 37 0 7 1 1 1 
2 26 0 1 1 1 1 
2 29 0 6 1 1 1 
2 44 1 2 1 1 1 
2 41 3 9 1 1 1 
2 44 4 1 1 1 1 
2 40 6 8 1 1 1 
2 31 5 9 1 1 1 
2 40 3 6 1 1 1 
2 44 6 1 1 1 1 
2 40 0 8 1 1 1 
2 4 -1 1 1 1 1 
3 -8 0 -1 1 1 1 1 
2 -2 1 -2 1 1 1 
2 35 0 6 1 1 1 
2 40 2 7 1 1 1 
2 -2 1 1 1 1 1 
2 23 0 5 1 1 1 
2 21 2 2 1 1 1 
2 31 0 4 1 1 1 
2 26 4 8 1 1 1 
2 36 7 9 1 1 1 
2 33 6 9 1 1 1 
2 32 7 9 1 1 1 
2 27 0 6 1 1 1 
2 22 0 2 1 1 1 
2 42 6 9 1 1 1 
2 44 5 8 1 1 1 
2 -2 0 6 1 1 1 
2 -1 -1 2 1 1 1 
2 1 -1 -3 1 1 1 
2 5 0 -3 1 1 1 
2 40 6 9 1 1 1 
2 21 4 9 1 1 1 
2 29 3 9 1 1 1 
2 44 4 7 1 1 1 
2 -8 -1 -2 1 1 1 
2 30 1 9 1 1 1 
2 41 6 9 1 1 1 
2 25 6 9 1 1 1 
2 22 0 5 1 1 1 
2 40 4 7 1 1 1 
2 39 4 9 1 1 1 
2 20 1 2 1 1 1 
2 44 5 7 1 1 1 
2 -5 -1 1 1 1 1 
2 42 0 3 1 1 1 
2 26 0 8 1 1 1 
2 32 1 0 1 1 1 
2 4 -1 3 1 1 1 
2 1 -1 5 1 1 1 
2 42 0 8 1 1 1 
2 24 0 7 1 1 1 
2 24 4 9 1 1 1 
2 28 7 9 1 1 1 
2 33 5 9 1 1 1 
2 25 7 9 1 1 1 
2 19 3 1 1 1 1 
2 37 0 5 1 1 1 
2 34 3 9 1 1 1 
2 22 4 8 1 1 1 
2 23 7 9 1 1 1 
2 19 5 3 1 1 1 
