2 15 7 24 1 1 1 
2 21 7 2 1 1 1 
2 0 7 0 1 1 1 
2 4 7 20 1 1 1 
2 2 7 17 1 1 1 
2 16 4 10 1 1 1 
2 6 7 16 1 1 1 
2 16 7 7 1 1 1 
2 13 7 17 1 1 1 
2 7 7 1 1 1 1 
2 20 6 12 1 1 1 
2 21 7 28 1 1 1 
2 11 7 27 1 1 1 
2 13 7 14 1 1 1 
2 5 7 3 1 1 1 
2 8 7 14 1 1 1 
2 20 7 11 1 1 1 
2 20 7 15 1 1 1 
2 2 7 21 1 1 1 
2 0 7 7 1 1 1 
2 7 7 9 1 1 1 
2 16 5 7 1 1 1 
2 0 7 6 1 1 1 
2 13 7 2 1 1 1 
2 13 7 20 1 1 1 
2 17 2 21 1 1 1 
2 11 7 6 1 1 1 
2 4 7 10 1 1 1 
2 3 7 1 1 1 1 
2 15 7 29 1 1 1 
2 3 7 24 1 1 1 
2 2 7 15 1 1 1 
2 15 7 12 1 1 1 
2 12 7 26 1 1 1 
2 18 5 13 1 1 1 
2 15 6 24 1 1 1 
2 3 7 9 1 1 1 
2 8 7 12 1 1 1 
2 5 7 25 1 1 1 
2 18 6 11 1 1 1 
2 20 7 16 1 1 1 
2 20 6 23 1 1 1 
2 16 7 19 1 1 1 
2 5 7 24 1 1 1 
2 15 2 22 1 1 1 
2 7 7 2 1 1 1 
2 5 7 1 1 1 1 
2 20 7 3 1 1 1 
2 19 7 3 1 1 1 
2 19 7 2 1 1 1 
2 20 6 8 1 1 1 
2 3 7 11 1 1 1 
2 12 7 6 1 1 1 
2 21 7 8 1 1 1 
2 1 7 6 1 1 1 
2 11 7 4 1 1 1 
2 12 7 13 1 1 1 
2 12 7 22 1 1 1 
2 12 7 24 1 1 1 
2 15 7 14 1 1 1 
2 19 1 23 1 1 1 
2 14 7 4 1 1 1 
2 15 7 17 1 1 1 
6 1 8 6 1 1 1 1 ( 19 ) 
2 20 4 24 1 1 1 
2 6 7 11 1 1 1 
2 0 7 25 1 1 1 
8 6 8 16 1 1 1 2 ( 12 ) 0 
2 15 4 22 1 1 1 
2 11 7 14 1 1 1 
2 20 4 23 1 1 1 
2 6 7 23 1 1 1 
2 12 7 19 1 1 1 
2 11 7 9 1 1 1 
2 18 4 21 1 1 1 
8 6 8 20 1 1 1 3 ( 12 ) 1 
2 3 7 12 1 1 1 
2 2 9 23 1 1 1 
2 5 7 19 1 1 1 
2 14 7 18 1 1 1 
2 0 7 17 1 1 1 
2 15 7 20 1 1 1 
2 17 5 21 1 1 1 
2 16 7 6 1 1 1 
2 3 9 23 1 1 1 
2 15 2 23 1 1 1 
2 7 7 28 1 1 1 
2 8 7 3 1 1 1 
2 10 7 11 1 1 1 
2 13 7 4 1 1 1 
2 6 7 25 1 1 1 
2 2 7 26 1 1 1 
2 13 7 16 1 1 1 
2 14 7 26 1 1 1 
2 14 7 9 1 1 1 
2 15 2 24 1 1 1 
2 8 7 13 1 1 1 
2 20 7 10 1 1 1 
2 2 10 28 1 1 1 
2 9 7 11 1 1 1 
6 1 8 12 1 1 1 5 ( 13 ) 
2 13 7 3 1 1 1 
2 19 4 11 1 1 1 
2 0 7 23 1 1 1 
2 20 4 25 1 1 1 
2 18 7 21 1 1 1 
2 18 7 28 1 1 1 
2 10 7 17 1 1 1 
2 18 7 26 1 1 1 
2 8 7 11 1 1 1 
2 9 7 15 1 1 1 
2 18 7 7 1 1 1 
2 18 6 26 1 1 1 
2 17 4 21 1 1 1 
2 8 7 17 1 1 1 
10 2 10 26 1 1 1 180 
2 18 7 14 1 1 1 
2 10 7 1 1 1 1 
2 10 7 16 1 1 1 
2 11 7 26 1 1 1 
2 10 7 28 1 1 1 
2 9 7 3 1 1 1 
2 18 4 26 1 1 1 
2 14 7 5 1 1 1 
2 19 2 21 1 1 1 
2 18 5 7 1 1 1 
2 17 7 0 1 1 1 
2 3 7 28 1 1 1 
2 17 6 11 1 1 1 
2 10 7 6 1 1 1 
2 3 9 25 1 1 1 
2 7 7 23 1 1 1 
15 10 1 2 1 1 1 7 
2 14 7 13 1 1 1 
2 20 7 14 1 1 1 
2 9 7 8 1 1 1 
3 9 8 5 1 1 1 0 
2 8 7 27 1 1 1 
2 14 7 14 1 1 1 
2 0 7 2 1 1 1 
2 13 7 29 1 1 1 
2 20 5 25 1 1 1 
2 6 7 10 1 1 1 
2 3 7 7 1 1 1 
2 11 7 21 1 1 1 
2 11 7 10 1 1 1 
2 4 7 5 1 1 1 
2 20 5 9 1 1 1 
2 5 7 20 1 1 1 
2 4 7 21 1 1 1 
2 11 7 17 1 1 1 
2 16 7 29 1 1 1 
2 17 7 2 1 1 1 
2 1 7 21 1 1 1 
2 17 4 8 1 1 1 
10 17 7 12 1 1 1 180 
2 18 7 15 1 1 1 
2 11 7 11 1 1 1 
2 15 7 8 1 1 1 
2 12 7 29 1 1 1 
2 19 5 21 1 1 1 
2 20 7 22 1 1 1 
2 11 7 8 1 1 1 
2 1 7 18 1 1 1 
2 2 7 28 1 1 1 
2 7 7 26 1 1 1 
2 15 3 22 1 1 1 
2 10 7 20 1 1 1 
2 15 6 11 1 1 1 
2 20 7 29 1 1 1 
2 2 7 5 1 1 1 
2 15 5 9 1 1 1 
2 8 7 5 1 1 1 
2 16 7 3 1 1 1 
2 17 7 4 1 1 1 
2 15 6 12 1 1 1 
2 9 7 13 1 1 1 
2 20 5 8 1 1 1 
2 13 7 28 1 1 1 
2 18 4 9 1 1 1 
2 20 5 22 1 1 1 
2 19 7 26 1 1 1 
2 3 7 0 1 1 1 
2 17 10 18 1 1 1 
2 13 7 5 1 1 1 
2 2 7 6 1 1 1 
2 15 5 8 1 1 1 
2 5 7 11 1 1 1 
2 4 7 3 1 1 1 
7 13 8 23 1 1 1 9 
2 19 7 17 1 1 1 
2 3 7 15 1 1 1 
2 7 7 14 1 1 1 
2 16 5 13 1 1 1 
2 7 7 12 1 1 1 
2 16 1 22 1 1 1 
2 11 7 12 1 1 1 
2 18 4 8 1 1 1 
2 21 7 20 1 1 1 
2 20 6 9 1 1 1 
2 16 4 21 1 1 1 
2 16 7 26 1 1 1 
2 20 6 11 1 1 1 
2 21 7 21 1 1 1 
2 3 7 10 1 1 1 
2 21 7 22 1 1 1 
2 15 7 23 1 1 1 
2 15 6 23 1 1 1 
2 4 7 9 1 1 1 
2 16 7 5 1 1 1 
2 7 7 20 1 1 1 
2 5 7 23 1 1 1 
2 10 7 8 1 1 1 
2 5 7 9 1 1 1 
2 21 7 19 1 1 1 
2 1 7 14 1 1 1 
2 13 7 24 1 1 1 
2 11 7 23 1 1 1 
2 15 4 24 1 1 1 
2 21 7 11 1 1 1 
2 17 7 6 1 1 1 
2 19 2 26 1 1 1 
2 20 2 24 1 1 1 
2 13 7 1 1 1 1 
2 4 7 27 1 1 1 
2 20 3 24 1 1 1 
2 11 7 15 1 1 1 
2 21 7 14 1 1 1 
2 6 9 10 1 1 1 
2 0 7 9 1 1 1 
2 8 7 22 1 1 1 
2 5 7 5 1 1 1 
2 18 5 26 1 1 1 
2 17 7 1 1 1 1 
2 14 7 25 1 1 1 
2 19 7 28 1 1 1 
2 12 7 23 1 1 1 
2 19 7 29 1 1 1 
2 1 7 19 1 1 1 
2 7 7 13 1 1 1 
2 1 7 25 1 1 1 
2 15 7 22 1 1 1 
2 20 5 24 1 1 1 
2 14 7 10 1 1 1 
2 4 7 25 1 1 1 
2 2 7 11 1 1 1 
2 2 7 2 1 1 1 
2 10 7 23 1 1 1 
2 19 7 16 1 1 1 
2 17 7 7 1 1 1 
2 3 7 26 1 1 1 
2 6 7 8 1 1 1 
2 3 7 20 1 1 1 
2 20 7 17 1 1 1 
2 14 7 23 1 1 1 
2 1 7 13 1 1 1 
2 19 7 14 1 1 1 
2 18 6 21 1 1 1 
2 9 7 9 1 1 1 
2 14 7 22 1 1 1 
2 1 7 16 1 1 1 
2 0 7 22 1 1 1 
7 13 8 15 1 1 1 10 
2 6 7 17 1 1 1 
2 21 7 25 1 1 1 
2 19 7 7 1 1 1 
2 6 7 20 1 1 1 
2 16 4 8 1 1 1 
2 0 7 19 1 1 1 
2 6 7 19 1 1 1 
2 2 7 29 1 1 1 
2 20 7 8 1 1 1 
2 13 7 26 1 1 1 
2 10 7 21 1 1 1 
2 12 7 16 1 1 1 
2 7 7 18 1 1 1 
2 12 7 27 1 1 1 
2 5 7 12 1 1 1 
2 18 7 5 1 1 1 
2 17 4 9 1 1 1 
2 1 7 17 1 1 1 
2 11 7 22 1 1 1 
2 10 7 26 1 1 1 
2 10 7 15 1 1 1 
2 11 7 5 1 1 1 
2 7 7 16 1 1 1 
2 15 7 1 1 1 1 
2 16 1 23 1 1 1 
2 13 7 12 1 1 1 
2 17 3 26 1 1 1 
2 13 7 15 1 1 1 
2 17 7 17 1 1 1 
2 15 7 21 1 1 1 
2 3 7 2 1 1 1 
2 5 7 2 1 1 1 
2 13 7 19 1 1 1 
2 18 6 12 1 1 1 
2 16 6 13 1 1 1 
2 15 3 25 1 1 1 
2 0 7 14 1 1 1 
2 8 7 23 1 1 1 
2 14 7 11 1 1 1 
2 6 7 15 1 1 1 
2 19 4 9 1 1 1 
2 18 7 20 1 1 1 
2 20 7 13 1 1 1 
2 2 7 7 1 1 1 
2 15 7 2 1 1 1 
2 12 7 5 1 1 1 
2 17 7 5 1 1 1 
2 0 7 18 1 1 1 
2 14 7 2 1 1 1 
2 21 7 1 1 1 1 
2 6 7 24 1 1 1 
2 14 7 6 1 1 1 
2 4 7 29 1 1 1 
2 2 7 22 1 1 1 
9 3 8 18 1 1 1 12 ( 3 8 18 3 11 18 3 13 18 3 13 16 ) 
2 6 7 13 1 1 1 
2 10 7 12 1 1 1 
2 10 7 10 1 1 1 
2 1 7 4 1 1 1 
2 16 7 4 1 1 1 
2 16 3 26 1 1 1 
2 5 7 16 1 1 1 
2 5 7 29 1 1 1 
2 21 7 13 1 1 1 
2 7 7 3 1 1 1 
2 2 7 27 1 1 1 
2 15 6 25 1 1 1 
2 9 7 2 1 1 1 
2 10 7 22 1 1 1 
2 19 7 5 1 1 1 
2 2 7 8 1 1 1 
2 21 7 15 1 1 1 
2 7 7 0 1 1 1 
2 8 7 0 1 1 1 
2 10 7 19 1 1 1 
2 0 7 1 1 1 1 
4 6 8 10 1 1 1 13 ( 5 24 ) 
7 13 8 21 1 1 1 14 
2 15 6 22 1 1 1 
2 3 7 25 1 1 1 
2 6 8 10 1 1 1 
2 15 7 11 1 1 1 
2 1 7 22 1 1 1 
2 2 7 18 1 1 1 
8 16 8 27 1 1 1 15 ( 27 ) 1 
2 20 7 5 1 1 1 
2 8 7 1 1 1 1 
2 16 7 16 1 1 1 
2 7 7 27 1 1 1 
2 18 4 11 1 1 1 
2 19 3 21 1 1 1 
2 18 2 26 1 1 1 
2 0 7 12 1 1 1 
2 18 4 10 1 1 1 
2 17 5 26 1 1 1 
2 14 7 1 1 1 1 
2 14 7 19 1 1 1 
2 12 7 25 1 1 1 
2 3 7 22 1 1 1 
2 1 7 8 1 1 1 
2 20 5 12 1 1 1 
2 6 7 1 1 1 1 
2 6 7 0 1 1 1 
2 6 7 29 1 1 1 
2 8 7 26 1 1 1 
2 5 7 6 1 1 1 
2 10 7 2 1 1 1 
2 8 7 29 1 1 1 
2 4 7 22 1 1 1 
2 9 7 19 1 1 1 
2 20 3 22 1 1 1 
7 13 8 17 1 1 1 16 
2 15 7 19 1 1 1 
2 0 7 28 1 1 1 
2 2 7 12 1 1 1 
2 15 7 10 1 1 1 
2 0 7 29 1 1 1 
2 17 6 26 1 1 1 
2 1 7 7 1 1 1 
2 9 7 0 1 1 1 
2 18 7 29 1 1 1 
2 11 7 1 1 1 1 
2 14 7 0 1 1 1 
2 19 5 13 1 1 1 
2 2 9 24 1 1 1 
2 19 7 19 1 1 1 
2 0 7 13 1 1 1 
2 8 7 28 1 1 1 
2 13 7 18 1 1 1 
2 16 7 17 1 1 1 
2 15 7 16 1 1 1 
2 14 7 29 1 1 1 
2 19 7 27 1 1 1 
2 0 7 21 1 1 1 
2 5 7 8 1 1 1 
2 8 7 7 1 1 1 
2 9 7 22 1 1 1 
2 20 7 19 1 1 1 
2 21 7 23 1 1 1 
2 4 7 2 1 1 1 
2 17 7 28 1 1 1 
2 18 1 22 1 1 1 
2 13 7 22 1 1 1 
2 20 7 9 1 1 1 
7 4 8 2 1 1 1 17 
2 9 7 10 1 1 1 
2 14 7 15 1 1 1 
2 3 7 4 1 1 1 
2 15 5 24 1 1 1 
2 4 7 17 1 1 1 
2 18 3 26 1 1 1 
2 13 7 27 1 1 1 
2 2 7 20 1 1 1 
2 0 7 8 1 1 1 
2 1 7 27 1 1 1 
2 2 7 23 1 1 1 
2 13 7 11 1 1 1 
2 16 6 12 1 1 1 
2 20 7 6 1 1 1 
2 18 1 25 1 1 1 
2 14 7 28 1 1 1 
2 13 7 23 1 1 1 
2 6 7 5 1 1 1 
2 19 4 8 1 1 1 
2 3 7 8 1 1 1 
2 4 7 14 1 1 1 
10 7 8 24 1 1 1 90 
2 17 7 27 1 1 1 
2 10 7 29 1 1 1 
2 15 7 26 1 1 1 
2 16 1 25 1 1 1 
2 16 4 26 1 1 1 
2 16 7 18 1 1 1 
2 16 7 15 1 1 1 
2 12 7 14 1 1 1 
2 20 6 22 1 1 1 
2 0 7 24 1 1 1 
2 9 7 7 1 1 1 
2 10 7 13 1 1 1 
2 5 7 13 1 1 1 
2 15 6 10 1 1 1 
2 1 7 29 1 1 1 
2 3 7 13 1 1 1 
2 21 7 7 1 1 1 
2 18 5 21 1 1 1 
2 17 5 13 1 1 1 
2 2 7 13 1 1 1 
2 0 7 4 1 1 1 
2 5 7 26 1 1 1 
2 4 7 28 1 1 1 
2 19 7 6 1 1 1 
2 17 4 10 1 1 1 
2 15 7 15 1 1 1 
2 4 7 16 1 1 1 
2 1 7 5 1 1 1 
2 5 7 17 1 1 1 
2 11 7 25 1 1 1 
2 14 7 7 1 1 1 
2 10 7 5 1 1 1 
2 20 7 4 1 1 1 
2 20 2 22 1 1 1 
2 19 6 26 1 1 1 
2 19 4 12 1 1 1 
2 16 12 18 1 1 1 
5 4 8 6 1 1 1 19 ( 1 24 ) 
2 16 6 7 1 1 1 
2 8 7 16 1 1 1 
2 0 7 3 1 1 1 
2 10 7 24 1 1 1 
2 12 7 9 1 1 1 
2 2 9 25 1 1 1 
2 6 7 4 1 1 1 
2 0 7 16 1 1 1 
2 21 7 3 1 1 1 
2 7 7 17 1 1 1 
2 8 7 6 1 1 1 
2 2 7 19 1 1 1 
2 20 7 18 1 1 1 
2 2 7 14 1 1 1 
2 8 7 25 1 1 1 
2 6 7 18 1 1 1 
2 19 4 26 1 1 1 
2 17 5 7 1 1 1 
2 8 7 24 1 1 1 
2 9 7 27 1 1 1 
2 9 7 6 1 1 1 
2 2 7 9 1 1 1 
2 13 7 25 1 1 1 
2 15 7 6 1 1 1 
2 19 7 15 1 1 1 
2 19 7 1 1 1 1 
2 18 7 3 1 1 1 
2 8 7 8 1 1 1 
2 6 7 28 1 1 1 
2 15 7 7 1 1 1 
2 6 7 26 1 1 1 
2 2 7 25 1 1 1 
2 20 5 23 1 1 1 
2 9 7 29 1 1 1 
2 15 7 0 1 1 1 
2 1 7 10 1 1 1 
2 7 7 10 1 1 1 
2 6 8 20 1 1 1 
2 0 7 20 1 1 1 
2 20 3 23 1 1 1 
2 20 6 25 1 1 1 
2 2 7 1 1 1 1 
2 14 7 12 1 1 1 
2 11 7 3 1 1 1 
2 11 7 2 1 1 1 
2 3 7 29 1 1 1 
2 15 3 23 1 1 1 
2 7 7 5 1 1 1 
2 12 7 7 1 1 1 
2 4 7 6 1 1 1 
2 13 7 13 1 1 1 
2 6 7 14 1 1 1 
2 7 7 24 1 1 1 
2 9 7 5 1 1 1 
2 17 7 21 1 1 1 
2 9 7 16 1 1 1 
2 17 1 25 1 1 1 
2 19 7 21 1 1 1 
2 20 7 7 1 1 1 
2 18 2 21 1 1 1 
2 3 7 17 1 1 1 
2 1 7 28 1 1 1 
2 12 7 18 1 1 1 
10 5 9 24 1 1 1 90 
2 19 4 21 1 1 1 
2 9 7 21 1 1 1 
2 11 7 16 1 1 1 
2 2 7 24 1 1 1 
2 20 5 11 1 1 1 
2 2 7 10 1 1 1 
2 16 9 27 1 1 1 
2 10 7 18 1 1 1 
2 5 7 0 1 1 1 
2 4 7 12 1 1 1 
2 14 7 8 1 1 1 
2 3 7 3 1 1 1 
8 16 8 28 1 1 1 21 ( 27 ) 0 
2 17 1 24 1 1 1 
2 0 7 26 1 1 1 
2 6 7 3 1 1 1 
2 18 4 12 1 1 1 
2 17 1 22 1 1 1 
2 6 8 16 1 1 1 
2 1 7 12 1 1 1 
2 19 1 25 1 1 1 
2 18 7 2 1 1 1 
2 12 7 8 1 1 1 
2 16 6 11 1 1 1 
2 3 7 18 1 1 1 
2 16 3 21 1 1 1 
10 0 10 24 1 1 1 90 
2 1 7 23 1 1 1 
2 21 7 6 1 1 1 
2 2 7 0 1 1 1 
2 17 7 20 1 1 1 
2 11 7 19 1 1 1 
2 1 7 15 1 1 1 
2 3 7 27 1 1 1 
2 21 7 17 1 1 1 
2 20 7 1 1 1 1 
2 17 2 26 1 1 1 
2 16 6 26 1 1 1 
2 5 7 10 1 1 1 
2 6 7 27 1 1 1 
2 15 7 13 1 1 1 
2 12 7 2 1 1 1 
2 13 7 6 1 1 1 
2 19 3 26 1 1 1 
2 15 6 9 1 1 1 
2 16 9 28 1 1 1 
2 1 9 23 1 1 1 
2 5 7 22 1 1 1 
2 2 7 4 1 1 1 
2 9 7 18 1 1 1 
2 19 5 7 1 1 1 
2 14 7 24 1 1 1 
2 11 7 13 1 1 1 
2 20 5 10 1 1 1 
2 17 1 23 1 1 1 
2 16 4 9 1 1 1 
2 15 7 4 1 1 1 
2 20 7 27 1 1 1 
2 4 7 26 1 1 1 
2 10 7 0 1 1 1 
2 10 7 25 1 1 1 
2 6 7 9 1 1 1 
2 11 7 0 1 1 1 
2 16 7 27 1 1 1 
2 17 7 3 1 1 1 
2 18 7 1 1 1 1 
2 16 7 2 1 1 1 
2 18 6 7 1 1 1 
2 15 6 8 1 1 1 
2 17 7 15 1 1 1 
2 3 7 23 1 1 1 
2 3 7 5 1 1 1 
2 18 7 17 1 1 1 
2 20 7 23 1 1 1 
2 12 7 10 1 1 1 
2 16 5 26 1 1 1 
2 20 7 24 1 1 1 
2 20 4 22 1 1 1 
2 21 7 5 1 1 1 
2 4 7 8 1 1 1 
2 8 7 2 1 1 1 
2 20 7 28 1 1 1 
2 21 7 29 1 1 1 
2 6 7 7 1 1 1 
2 1 7 1 1 1 1 
2 17 7 14 1 1 1 
2 9 7 4 1 1 1 
2 15 7 27 1 1 1 
2 19 7 0 1 1 1 
2 5 7 27 1 1 1 
2 1 9 25 1 1 1 
2 4 7 24 1 1 1 
2 20 7 26 1 1 1 
2 15 5 10 1 1 1 
2 12 7 4 1 1 1 
2 11 7 20 1 1 1 
2 19 4 10 1 1 1 
2 6 7 12 1 1 1 
2 9 7 28 1 1 1 
2 7 7 25 1 1 1 
2 15 5 12 1 1 1 
2 6 9 16 1 1 1 
2 16 4 11 1 1 1 
2 9 7 12 1 1 1 
2 6 7 6 1 1 1 
2 15 2 25 1 1 1 
2 8 7 21 1 1 1 
2 18 7 18 1 1 1 
2 14 7 17 1 1 1 
2 0 7 5 1 1 1 
2 19 7 20 1 1 1 
2 17 6 13 1 1 1 
2 9 7 23 1 1 1 
2 7 7 19 1 1 1 
2 20 7 0 1 1 1 
2 4 7 4 1 1 1 
2 14 7 16 1 1 1 
2 18 7 19 1 1 1 
2 10 7 7 1 1 1 
2 18 7 0 1 1 1 
2 21 7 24 1 1 1 
2 11 7 29 1 1 1 
2 5 7 15 1 1 1 
2 8 7 9 1 1 1 
2 17 4 26 1 1 1 
2 20 2 25 1 1 1 
2 20 7 20 1 1 1 
2 16 8 28 1 1 1 
2 8 7 19 1 1 1 
2 8 7 10 1 1 1 
2 7 7 6 1 1 1 
2 4 7 13 1 1 1 
2 16 2 21 1 1 1 
2 4 7 18 1 1 1 
2 6 7 22 1 1 1 
2 15 7 5 1 1 1 
2 0 7 15 1 1 1 
2 13 7 9 1 1 1 
2 15 5 23 1 1 1 
2 12 7 15 1 1 1 
2 0 7 27 1 1 1 
2 21 7 4 1 1 1 
2 4 7 0 1 1 1 
2 9 7 24 1 1 1 
2 2 7 3 1 1 1 
2 21 7 26 1 1 1 
2 16 6 21 1 1 1 
2 16 2 26 1 1 1 
2 20 6 24 1 1 1 
2 18 7 6 1 1 1 
2 17 3 21 1 1 1 
2 16 4 12 1 1 1 
2 21 7 9 1 1 1 
2 18 7 4 1 1 1 
2 18 3 21 1 1 1 
2 12 7 20 1 1 1 
2 20 7 21 1 1 1 
2 20 7 2 1 1 1 
2 15 7 28 1 1 1 
2 19 7 18 1 1 1 
2 4 7 7 1 1 1 
2 8 7 18 1 1 1 
2 19 6 21 1 1 1 
2 10 7 4 1 1 1 
2 5 7 4 1 1 1 
2 15 3 24 1 1 1 
2 5 7 18 1 1 1 
2 14 7 21 1 1 1 
2 6 7 2 1 1 1 
2 12 7 21 1 1 1 
2 18 7 16 1 1 1 
2 11 7 7 1 1 1 
2 18 1 24 1 1 1 
2 19 7 4 1 1 1 
2 12 7 0 1 1 1 
2 21 7 18 1 1 1 
2 17 7 18 1 1 1 
2 9 7 20 1 1 1 
2 12 7 12 1 1 1 
2 7 7 4 1 1 1 
2 1 7 11 1 1 1 
2 19 6 13 1 1 1 
2 7 7 22 1 1 1 
2 16 5 21 1 1 1 
2 7 7 15 1 1 1 
2 14 7 3 1 1 1 
2 12 7 1 1 1 1 
2 16 7 1 1 1 1 
2 0 7 10 1 1 1 
2 11 7 24 1 1 1 
6 1 8 9 1 1 1 24 ( 13 19 ) 
2 6 9 20 1 1 1 
2 16 8 27 1 1 1 
2 18 1 23 1 1 1 
2 5 7 7 1 1 1 
2 21 7 16 1 1 1 
2 21 7 12 1 1 1 
2 16 1 24 1 1 1 
2 2 7 16 1 1 1 
2 15 5 25 1 1 1 
2 9 7 25 1 1 1 
2 10 7 9 1 1 1 
2 18 6 13 1 1 1 
2 7 7 7 1 1 1 
2 20 3 25 1 1 1 
2 10 7 27 1 1 1 
2 14 7 27 1 1 1 
2 3 7 6 1 1 1 
2 17 7 16 1 1 1 
2 3 7 19 1 1 1 
2 10 7 3 1 1 1 
2 21 7 27 1 1 1 
2 16 7 14 1 1 1 
2 7 7 29 1 1 1 
2 19 7 13 1 1 1 
2 5 7 28 1 1 1 
2 5 7 21 1 1 1 
3 12 8 5 1 1 1 1 
2 19 6 7 1 1 1 
2 4 7 1 1 1 1 
2 8 7 15 1 1 1 
2 17 6 7 1 1 1 
2 13 7 7 1 1 1 
2 3 9 24 1 1 1 
2 16 7 28 1 1 1 
2 12 7 17 1 1 1 
2 11 7 18 1 1 1 
2 19 5 26 1 1 1 
2 8 7 20 1 1 1 
2 17 4 12 1 1 1 
2 17 4 11 1 1 1 
2 1 9 24 1 1 1 
2 17 6 21 1 1 1 
2 19 1 22 1 1 1 
2 4 7 11 1 1 1 
2 12 7 11 1 1 1 
2 20 7 12 1 1 1 
2 15 7 9 1 1 1 
2 1 7 3 1 1 1 
2 11 7 28 1 1 1 
2 15 7 3 1 1 1 
2 4 7 23 1 1 1 
2 16 7 20 1 1 1 
2 13 7 8 1 1 1 
2 16 7 0 1 1 1 
2 15 4 23 1 1 1 
2 15 4 25 1 1 1 
2 9 7 1 1 1 1 
2 13 7 21 1 1 1 
2 9 7 26 1 1 1 
2 20 6 10 1 1 1 
2 14 7 20 1 1 1 
2 13 7 10 1 1 1 
2 15 5 11 1 1 1 
2 17 6 12 1 1 1 
2 12 7 28 1 1 1 
2 3 7 21 1 1 1 
2 4 7 15 1 1 1 
2 17 7 29 1 1 1 
2 1 7 9 1 1 1 
2 16 7 21 1 1 1 
2 1 7 2 1 1 1 
2 7 7 11 1 1 1 
2 3 7 16 1 1 1 
2 0 7 11 1 1 1 
2 21 7 0 1 1 1 
2 1 7 20 1 1 1 
2 3 7 14 1 1 1 
2 10 7 14 1 1 1 
2 15 5 22 1 1 1 
2 17 7 19 1 1 1 
2 1 7 24 1 1 1 
2 4 7 19 1 1 1 
2 1 7 0 1 1 1 
2 9 7 14 1 1 1 
2 20 2 23 1 1 1 
2 15 7 18 1 1 1 
2 6 7 21 1 1 1 
2 18 7 27 1 1 1 
2 19 1 24 1 1 1 
2 9 7 17 1 1 1 
7 13 8 19 1 1 1 25 
2 1 7 26 1 1 1 
2 17 7 26 1 1 1 
2 7 7 8 1 1 1 
2 21 7 10 1 1 1 
2 5 7 14 1 1 1 
2 20 7 25 1 1 1 
2 15 7 25 1 1 1 
2 13 7 0 1 1 1 
2 12 7 3 1 1 1 
2 8 7 4 1 1 1 
2 7 7 21 1 1 1 
16 0 0 0 1 1 1 28 ( 0 0 0 ) ( 16 5 8 17 5 8 17 5 9 16 5 9 18 5 8 19 5 8 19 5 9 18 5 9 18 5 10 19 5 10 19 5 11 18 5 11 16 5 10 17 5 10 17 5 11 16 5 11 19 5 12 18 5 12 17 5 12 16 5 12 ) 
16 0 0 0 1 1 1 26 ( 0 0 0 ) ( 16 8 17 17 8 17 17 8 18 16 8 18 16 9 17 17 9 17 17 9 18 16 9 18 16 11 17 17 11 17 17 11 18 16 11 18 17 10 17 17 10 18 16 10 18 16 10 17 16 7 17 17 7 17 17 7 18 16 7 18 ) 
16 0 0 0 1 1 1 27 ( 0 0 0 0 2 0 0 4 0 ) ( 16 2 22 17 2 22 17 2 23 16 2 23 16 2 24 17 2 24 17 2 25 16 2 25 18 2 24 19 2 24 19 2 25 18 2 25 18 2 22 19 2 22 19 2 23 18 2 23 ) 
