2 6 0 10 1 1 1 
2 7 0 6 1 1 1 
2 11 2 4 1 1 1 
2 6 0 11 1 1 1 
2 4 0 7 1 1 1 
2 5 0 6 1 1 1 
2 5 0 11 1 1 1 
2 5 0 10 1 1 1 
2 4 0 3 1 1 1 
7 4 1 12 1 1 1 0 
2 4 0 5 1 1 1 
2 4 0 12 1 1 1 
2 10 0 6 1 1 1 
2 9 1 5 1 1 1 
2 3 0 3 1 1 1 
2 6 0 3 1 1 1 
2 6 0 5 1 1 1 
2 6 0 9 1 1 1 
2 5 0 5 1 1 1 
2 9 1 8 1 1 1 
2 5 0 12 1 1 1 
2 8 1 11 1 1 1 
2 5 0 8 1 1 1 
2 13 3 8 1 1 1 
2 5 0 7 1 1 1 
2 8 0 6 1 1 1 
2 3 0 4 1 1 1 
2 6 0 8 1 1 1 
10 6 1 11 1 1 1 -90 
2 13 0 8 1 1 1 
2 9 1 4 1 1 1 
2 13 0 7 1 1 1 
2 3 0 0 1 1 1 
2 8 1 4 1 1 1 
10 6 1 4 1 1 1 -90 
8 3 1 3 1 1 1 3 ( 11 ) 1 
7 10 1 11 1 1 1 4 
2 3 0 10 1 1 1 
2 6 0 7 1 1 1 
2 5 0 9 1 1 1 
7 4 1 10 1 1 1 5 
2 4 0 8 1 1 1 
2 6 0 6 1 1 1 
2 12 0 8 1 1 1 
2 4 0 10 1 1 1 
2 5 0 4 1 1 1 
2 10 1 5 1 1 1 
8 5 1 2 1 1 1 6 ( 11 ) 0 
2 8 1 5 1 1 1 
2 4 0 9 1 1 1 
2 4 0 4 1 1 1 
2 4 0 6 1 1 1 
2 3 0 9 1 1 1 
2 6 0 4 1 1 1 
10 6 1 8 1 1 1 -90 
2 12 0 7 1 1 1 
2 3 0 11 1 1 1 
2 3 0 5 1 1 1 
2 3 0 8 1 1 1 
2 10 0 7 1 1 1 
2 11 0 7 1 1 1 
2 9 1 11 1 1 1 
2 6 0 12 1 1 1 
2 9 0 7 1 1 1 
2 13 6 7 1 1 1 
7 4 1 6 1 1 1 8 
2 3 0 12 1 1 1 
2 5 0 3 1 1 1 
3 3 1 5 1 1 1 0 
7 4 1 8 1 1 1 9 
2 8 1 8 1 1 1 
2 4 0 11 1 1 1 
2 3 0 7 1 1 1 
2 9 0 6 1 1 1 
10 4 0 1 1 1 1 180 
2 3 0 6 1 1 1 
16 0 0 0 1 1 1 11 ( ) ( 10 1 6 10 1 4 10 0 8 10 0 11 13 1 7 13 2 7 13 3 7 13 1 8 13 2 8 13 3 8 ) 
12 2 1 7 1 1 1 12 ( ) 
