2 37 12 -30 1 1 1 
2 36 12 -29 1 1 1 
2 38 12 -29 1 1 1 
2 37 11 -29 1 1 1 
10 37 8 -21 1 1 1 0 
10 37 9 -23 1 1 1 0 
10 37 7 -19 1 1 1 0 
10 37 6 -17 1 1 1 0 
10 37 10 -25 1 1 1 0 
10 37 11 -27 1 1 1 0 
7 2 0 2 1 1 1 6 
3 -8 0 0 1 1 1 0 
2 19 2 2 1 1 1 
2 -7 -1 1 1 1 1 
2 6 -1 -2 1 1 1 
9 17 -1 1 1 1 1 14 ( 17 -1 1 17 3 1 ) 
2 -7 0 2 1 1 1 
2 26 3 2 1 1 1 
2 0 -1 4 1 1 1 
2 34 -1 -1 1 1 1 
2 5 -1 0 1 1 1 
2 7 0 -3 1 1 1 
2 15 -1 0 1 1 1 
2 21 0 -7 1 1 1 
2 16 0 -7 1 1 1 
2 4 -1 -1 1 1 1 
2 31 0 -7 1 1 1 
2 2 -1 -5 1 1 1 
2 29 1 2 1 1 1 
2 -6 -1 -2 1 1 1 
2 16 2 2 1 1 1 
2 25 3 2 1 1 1 
2 24 -1 1 1 1 1 
2 33 2 2 1 1 1 
5 30 4 0 1 1 1 16 ( 9 ) 
2 35 3 1 1 1 1 
2 5 -1 -1 1 1 1 
2 -2 0 2 1 1 1 
2 26 5 2 1 1 1 
5 2 0 5 1 1 1 2 ( 1 ) 
2 10 3 -4 1 1 1 
2 -1 -1 -4 1 1 1 
2 35 6 -6 1 1 1 
2 26 -1 1 1 1 1 
2 -3 -1 -1 1 1 1 
2 28 -1 -3 1 1 1 
2 18 6 2 1 1 1 
2 30 -1 1 1 1 1 
2 25 -1 -5 1 1 1 
2 13 -1 -2 1 1 1 
2 16 -1 -4 1 1 1 
2 29 2 2 1 1 1 
2 -2 0 1 1 1 1 
2 23 2 2 1 1 1 
2 32 -1 -2 1 1 1 
2 30 -1 0 1 1 1 
2 34 -1 -5 1 1 1 
2 10 3 -6 1 1 1 
2 24 -1 -5 1 1 1 
2 29 -1 -4 1 1 1 
2 -2 0 -2 1 1 1 
2 -4 -1 0 1 1 1 
2 31 0 -6 1 1 1 
2 14 -1 -6 1 1 1 
2 15 -1 -1 1 1 1 
2 34 -1 -3 1 1 1 
2 31 5 -2 1 1 1 
2 16 -1 -1 1 1 1 
2 31 -1 1 1 1 1 
2 -3 -1 1 1 1 1 
2 31 5 -6 1 1 1 
2 4 -1 -2 1 1 1 
2 12 1 -6 1 1 1 
2 26 1 2 1 1 1 
2 12 2 2 1 1 1 
2 35 3 -1 1 1 1 
2 -7 -1 -1 1 1 1 
2 -2 0 3 1 1 1 
2 10 0 1 1 1 1 
2 -1 -1 1 1 1 1 
2 26 -1 -5 1 1 1 
2 21 -1 -5 1 1 1 
2 26 -1 -6 1 1 1 
2 5 0 -5 1 1 1 
2 35 4 -3 1 1 1 
2 14 0 -4 1 1 1 
2 13 4 2 1 1 1 
2 31 -1 -2 1 1 1 
2 0 -1 -5 1 1 1 
6 5 0 -1 1 1 1 1 ( 2 ) 
2 35 6 -3 1 1 1 
2 20 0 2 1 1 1 
2 35 3 -4 1 1 1 
2 33 -1 -3 1 1 1 
2 3 -1 0 1 1 1 
2 12 3 1 1 1 1 
2 -1 -1 3 1 1 1 
10 15 1 -5 1 1 1 90 
2 17 5 2 1 1 1 
2 32 0 2 1 1 1 
2 22 -1 -4 1 1 1 
2 28 -1 -1 1 1 1 
2 -8 0 -3 1 1 1 
2 1 -1 0 1 1 1 
2 3 -1 -2 1 1 1 
2 29 -1 -1 1 1 1 
2 27 -1 -6 1 1 1 
2 10 2 -3 1 1 1 
2 4 -1 4 1 1 1 
2 8 0 -3 1 1 1 
2 10 1 1 1 1 1 
2 31 1 -1 1 1 1 
2 11 0 -6 1 1 1 
2 30 6 2 1 1 1 
2 19 0 2 1 1 1 
2 26 4 2 1 1 1 
2 12 0 -6 1 1 1 
2 15 4 2 1 1 1 
2 38 0 -4 1 1 1 
2 15 1 2 1 1 1 
2 12 0 -4 1 1 1 
2 31 2 -6 1 1 1 
2 22 0 2 1 1 1 
10 37 5 -15 1 1 1 0 
2 14 0 -5 1 1 1 
2 17 -1 -5 1 1 1 
2 -5 0 -3 1 1 1 
2 20 5 2 1 1 1 
2 11 2 2 1 1 1 
2 21 6 2 1 1 1 
2 32 -1 -1 1 1 1 
2 -4 -1 -2 1 1 1 
2 22 2 2 1 1 1 
2 24 0 2 1 1 1 
2 21 -1 -2 1 1 1 
2 31 0 -5 1 1 1 
2 -2 0 5 1 1 1 
2 26 -1 -4 1 1 1 
2 25 -1 0 1 1 1 
2 -8 -1 -1 1 1 1 
2 5 0 5 1 1 1 
2 35 5 -2 1 1 1 
2 33 -1 -6 1 1 1 
4 -2 0 0 1 1 1 3 ( 5 ) 
2 18 5 2 1 1 1 
2 31 6 1 1 1 1 
2 29 0 2 1 1 1 
2 0 0 2 1 1 1 
2 19 3 2 1 1 1 
2 37 0 -3 1 1 1 
2 35 4 -4 1 1 1 
2 21 3 0 1 1 1 
2 4 -1 2 1 1 1 
2 18 2 2 1 1 1 
2 12 2 -7 1 1 1 
2 11 1 -5 1 1 1 
2 31 3 -4 1 1 1 
10 37 4 -13 1 1 1 0 
2 35 4 -5 1 1 1 
2 22 1 2 1 1 1 
2 -2 0 -3 1 1 1 
2 35 -1 -3 1 1 1 
2 27 3 2 1 1 1 
2 -5 -1 -2 1 1 1 
2 31 0 2 1 1 1 
2 26 -1 -3 1 1 1 
2 23 -1 -6 1 1 1 
2 22 -1 -1 1 1 1 
2 35 0 -1 1 1 1 
2 11 -1 0 1 1 1 
2 11 0 -3 1 1 1 
2 25 -1 -3 1 1 1 
2 35 -1 -1 1 1 1 
2 16 -1 1 1 1 1 
2 14 1 2 1 1 1 
2 34 2 2 1 1 1 
2 35 0 -2 1 1 1 
10 37 0 -5 1 1 1 0 
2 29 0 -7 1 1 1 
2 31 -1 -1 1 1 1 
2 23 3 0 1 1 1 
2 31 6 0 1 1 1 
2 31 6 -6 1 1 1 
2 28 5 2 1 1 1 
2 27 0 -7 1 1 1 
2 35 5 1 1 1 1 
2 22 3 0 1 1 1 
2 22 -1 1 1 1 1 
2 33 -1 -4 1 1 1 
2 34 -1 0 1 1 1 
2 -6 -1 -1 1 1 1 
2 11 1 -4 1 1 1 
2 3 -1 4 1 1 1 
2 31 6 -3 1 1 1 
2 25 -1 -4 1 1 1 
2 -8 -1 1 1 1 1 
2 13 -1 -5 1 1 1 
2 -7 -1 -2 1 1 1 
2 35 3 -3 1 1 1 
10 17 0 -5 1 1 1 90 
2 11 2 -7 1 1 1 
2 7 -1 0 1 1 1 
2 10 4 -5 1 1 1 
2 34 -1 -2 1 1 1 
2 35 -1 -4 1 1 1 
2 36 -1 -4 1 1 1 
2 18 -1 -1 1 1 1 
2 27 -1 -2 1 1 1 
2 21 -1 -3 1 1 1 
2 30 -1 -4 1 1 1 
2 16 -1 -3 1 1 1 
2 19 -1 -6 1 1 1 
2 18 -1 -5 1 1 1 
2 31 5 -4 1 1 1 
2 1 -1 3 1 1 1 
2 20 -1 -3 1 1 1 
2 22 5 2 1 1 1 
2 12 -1 -2 1 1 1 
2 0 -1 -4 1 1 1 
2 13 0 -4 1 1 1 
2 29 -1 -3 1 1 1 
2 13 -1 0 1 1 1 
2 34 6 2 1 1 1 
2 6 0 1 1 1 1 
2 4 0 -3 1 1 1 
2 31 1 -2 1 1 1 
2 28 3 0 1 1 1 
2 17 1 2 1 1 1 
2 20 1 2 1 1 1 
2 12 -1 -6 1 1 1 
2 11 -1 -1 1 1 1 
2 33 6 2 1 1 1 
2 12 -1 -3 1 1 1 
2 11 1 -7 1 1 1 
2 35 -1 0 1 1 1 
2 28 3 2 1 1 1 
2 28 -1 -4 1 1 1 
2 35 4 -6 1 1 1 
2 21 -1 0 1 1 1 
2 20 4 2 1 1 1 
2 20 0 -7 1 1 1 
6 -2 0 -1 1 1 1 5 ( 3 ) 
2 34 0 2 1 1 1 
2 31 4 0 1 1 1 
2 24 -1 -4 1 1 1 
2 2 -1 -4 1 1 1 
2 17 -1 0 1 1 1 
2 4 0 2 1 1 1 
2 13 0 2 1 1 1 
2 30 2 2 1 1 1 
6 35 0 -4 1 1 1 9 ( 16 ) 
2 1 -1 1 1 1 1 
2 1 -1 2 1 1 1 
2 -6 0 2 1 1 1 
2 5 0 2 1 1 1 
2 31 0 0 1 1 1 
2 0 -1 5 1 1 1 
2 24 -1 0 1 1 1 
2 36 0 -5 1 1 1 
2 11 0 1 1 1 1 
2 13 3 1 1 1 1 
2 25 6 2 1 1 1 
2 34 1 2 1 1 1 
2 31 4 -3 1 1 1 
2 11 0 -4 1 1 1 
2 4 -1 -5 1 1 1 
2 25 -1 -1 1 1 1 
2 31 6 -1 1 1 1 
2 13 1 2 1 1 1 
2 16 3 0 1 1 1 
2 24 1 2 1 1 1 
2 35 2 1 1 1 1 
2 7 0 1 1 1 1 
2 6 -1 0 1 1 1 
2 20 -1 -1 1 1 1 
2 10 2 2 1 1 1 
2 10 2 -4 1 1 1 
2 3 -1 3 1 1 1 
2 15 5 2 1 1 1 
2 2 -1 -2 1 1 1 
2 10 0 2 1 1 1 
2 10 4 -1 1 1 1 
10 37 1 -7 1 1 1 0 
2 17 0 -7 1 1 1 
2 31 4 -4 1 1 1 
2 27 -1 0 1 1 1 
2 10 0 -3 1 1 1 
2 31 3 1 1 1 1 
2 24 -1 -1 1 1 1 
2 28 0 -7 1 1 1 
2 3 0 2 1 1 1 
2 13 3 2 1 1 1 
2 24 -1 -3 1 1 1 
2 16 3 2 1 1 1 
2 35 4 -1 1 1 1 
2 11 6 2 1 1 1 
2 -5 0 2 1 1 1 
2 20 -1 -2 1 1 1 
2 -5 -1 0 1 1 1 
2 18 0 -7 1 1 1 
2 10 3 1 1 1 1 
2 18 1 2 1 1 1 
2 32 3 2 1 1 1 
2 10 3 -1 1 1 1 
2 13 6 2 1 1 1 
2 30 -1 -6 1 1 1 
2 -2 0 0 1 1 1 
2 11 1 2 1 1 1 
2 3 -1 1 1 1 1 
2 12 1 2 1 1 1 
2 31 6 -2 1 1 1 
2 11 -1 -2 1 1 1 
2 15 6 2 1 1 1 
2 35 3 -5 1 1 1 
2 31 3 -1 1 1 1 
2 19 3 0 1 1 1 
2 25 3 0 1 1 1 
2 17 -1 -1 1 1 1 
2 31 3 -3 1 1 1 
2 14 -1 -1 1 1 1 
2 21 3 1 1 1 1 
2 -4 0 2 1 1 1 
2 0 0 6 1 1 1 
2 15 3 0 1 1 1 
2 12 -1 1 1 1 1 
2 14 4 2 1 1 1 
2 22 -1 -6 1 1 1 
2 30 5 2 1 1 1 
2 20 -1 0 1 1 1 
2 32 -1 -6 1 1 1 
2 34 5 2 1 1 1 
2 31 4 -1 1 1 1 
2 -1 -1 -3 1 1 1 
2 -1 0 -5 1 1 1 
2 29 3 2 1 1 1 
2 23 -1 -4 1 1 1 
2 13 -1 1 1 1 1 
2 33 -1 1 1 1 1 
2 26 0 -7 1 1 1 
2 9 0 -3 1 1 1 
2 24 2 2 1 1 1 
2 4 -1 5 1 1 1 
8 18 0 2 1 1 1 22 ( 14 ) 0 
2 16 -1 -5 1 1 1 
2 31 4 -6 1 1 1 
2 13 1 -4 1 1 1 
2 14 3 2 1 1 1 
2 5 0 1 1 1 1 
2 20 -1 -6 1 1 1 
2 22 -1 -3 1 1 1 
2 10 -1 -1 1 1 1 
2 13 2 -7 1 1 1 
2 32 6 2 1 1 1 
2 13 0 -6 1 1 1 
2 36 0 -3 1 1 1 
2 35 5 -4 1 1 1 
2 10 5 2 1 1 1 
2 37 -1 -4 1 1 1 
2 35 2 -4 1 1 1 
2 2 -1 4 1 1 1 
2 19 -1 -4 1 1 1 
2 3 -1 5 1 1 1 
2 24 0 -7 1 1 1 
2 5 0 -2 1 1 1 
2 -6 0 -3 1 1 1 
2 23 1 2 1 1 1 
2 32 4 2 1 1 1 
2 -1 0 6 1 1 1 
2 24 6 2 1 1 1 
2 33 4 2 1 1 1 
10 12 2 -3 1 1 1 180 
2 23 -1 -5 1 1 1 
2 0 -1 -3 1 1 1 
2 28 0 2 1 1 1 
2 27 3 0 1 1 1 
2 3 -1 -1 1 1 1 
2 35 2 -1 1 1 1 
2 -1 -1 -2 1 1 1 
2 30 -1 -5 1 1 1 
2 31 2 1 1 1 1 
2 31 4 -2 1 1 1 
2 34 -1 -6 1 1 1 
2 -2 1 0 1 1 1 
2 -2 -1 -1 1 1 1 
2 23 0 2 1 1 1 
2 11 0 2 1 1 1 
2 3 -1 -5 1 1 1 
2 27 1 2 1 1 1 
2 18 3 0 1 1 1 
2 35 0 -6 1 1 1 
2 17 6 2 1 1 1 
2 27 -1 -4 1 1 1 
2 31 0 -2 1 1 1 
2 10 3 -2 1 1 1 
2 17 -1 -4 1 1 1 
2 10 3 2 1 1 1 
2 31 5 0 1 1 1 
2 10 1 2 1 1 1 
2 19 0 -7 1 1 1 
2 31 3 -5 1 1 1 
2 19 -1 1 1 1 1 
2 25 4 2 1 1 1 
2 -9 0 -1 1 1 1 
7 1 0 2 1 1 1 7 
2 14 2 2 1 1 1 
2 4 -1 -4 1 1 1 
2 2 -1 -3 1 1 1 
6 31 0 -4 1 1 1 12 ( 10 ) 
2 13 -1 -4 1 1 1 
2 22 6 2 1 1 1 
2 3 0 -5 1 1 1 
2 35 5 -1 1 1 1 
2 31 0 -1 1 1 1 
2 -5 -1 -1 1 1 1 
2 17 4 2 1 1 1 
2 31 0 1 1 1 1 
2 31 2 -2 1 1 1 
2 31 1 2 1 1 1 
2 29 -1 -6 1 1 1 
2 -2 0 -4 1 1 1 
2 26 6 2 1 1 1 
2 35 6 -5 1 1 1 
2 33 -1 0 1 1 1 
2 19 -1 0 1 1 1 
8 16 0 2 1 1 1 21 ( 14 ) 1 
2 11 3 1 1 1 1 
2 25 -1 -2 1 1 1 
2 13 1 -5 1 1 1 
2 10 3 -5 1 1 1 
2 23 -1 -1 1 1 1 
2 15 -1 -6 1 1 1 
2 35 -1 -2 1 1 1 
2 22 -1 -2 1 1 1 
2 33 3 2 1 1 1 
2 24 3 2 1 1 1 
2 13 2 -4 1 1 1 
2 15 -1 1 1 1 1 
2 10 3 -3 1 1 1 
2 29 -1 -5 1 1 1 
2 35 2 0 1 1 1 
2 18 -1 -3 1 1 1 
2 12 0 2 1 1 1 
2 35 6 -4 1 1 1 
2 26 0 2 1 1 1 
2 14 -1 1 1 1 1 
2 35 2 -5 1 1 1 
2 35 6 -1 1 1 1 
2 18 3 2 1 1 1 
2 26 2 2 1 1 1 
2 6 0 -3 1 1 1 
2 14 5 2 1 1 1 
2 31 6 2 1 1 1 
2 35 -1 1 1 1 1 
2 13 -1 -6 1 1 1 
2 16 4 2 1 1 1 
2 0 -1 -1 1 1 1 
2 13 0 -5 1 1 1 
2 3 -1 -3 1 1 1 
2 31 -1 -6 1 1 1 
2 15 -1 -4 1 1 1 
2 17 -1 -2 1 1 1 
2 34 4 2 1 1 1 
4 31 0 -3 1 1 1 10 ( 12 ) 
2 31 6 -5 1 1 1 
2 21 5 2 1 1 1 
2 10 6 2 1 1 1 
2 15 -1 -3 1 1 1 
2 13 5 2 1 1 1 
2 1 0 6 1 1 1 
2 20 6 2 1 1 1 
2 18 -1 -2 1 1 1 
2 26 3 0 1 1 1 
2 -8 0 2 1 1 1 
2 -2 -1 0 1 1 1 
2 3 -1 2 1 1 1 
2 35 3 -2 1 1 1 
2 15 3 1 1 1 1 
2 2 -1 2 1 1 1 
2 20 -1 1 1 1 1 
2 2 -1 -1 1 1 1 
2 8 -1 0 1 1 1 
2 28 6 2 1 1 1 
2 35 6 -2 1 1 1 
2 31 0 -3 1 1 1 
2 -9 0 0 1 1 1 
2 12 -1 -4 1 1 1 
2 31 2 -3 1 1 1 
2 35 1 -3 1 1 1 
2 10 2 -5 1 1 1 
2 32 -1 -5 1 1 1 
2 28 -1 -6 1 1 1 
2 23 3 1 1 1 1 
2 33 0 -7 1 1 1 
2 31 6 -4 1 1 1 
2 30 4 2 1 1 1 
2 -8 -1 0 1 1 1 
2 1 -1 -1 1 1 1 
2 17 0 2 1 1 1 
2 10 4 0 1 1 1 
2 13 -1 -3 1 1 1 
2 23 -1 1 1 1 1 
2 5 0 3 1 1 1 
2 24 -1 -2 1 1 1 
2 -6 -1 1 1 1 1 
2 12 1 -7 1 1 1 
2 -3 -1 -2 1 1 1 
2 -4 0 -3 1 1 1 
2 17 -1 -6 1 1 1 
2 -1 -1 0 1 1 1 
2 31 3 -6 1 1 1 
2 31 -1 -3 1 1 1 
2 1 -1 -4 1 1 1 
2 21 -1 -4 1 1 1 
2 30 3 0 1 1 1 
2 9 0 1 1 1 1 
2 27 0 2 1 1 1 
2 35 1 -2 1 1 1 
2 28 3 1 1 1 1 
2 23 -1 0 1 1 1 
2 30 1 2 1 1 1 
2 25 1 2 1 1 1 
2 17 3 2 1 1 1 
2 2 -1 0 1 1 1 
2 31 4 2 1 1 1 
2 35 5 -3 1 1 1 
2 26 -1 -2 1 1 1 
2 10 1 -3 1 1 1 
2 27 4 2 1 1 1 
2 5 0 0 1 1 1 
2 20 -1 -4 1 1 1 
2 5 0 -4 1 1 1 
2 18 -1 0 1 1 1 
2 30 3 0 1 1 1 
2 28 -1 -2 1 1 1 
2 35 1 1 1 1 1 
2 8 -1 -2 1 1 1 
2 12 1 -4 1 1 1 
2 12 -1 -5 1 1 1 
2 -9 0 1 1 1 1 
2 31 4 -5 1 1 1 
2 19 5 2 1 1 1 
2 24 -1 -6 1 1 1 
2 17 2 2 1 1 1 
2 14 -1 -4 1 1 1 
2 19 3 1 1 1 1 
2 35 2 -3 1 1 1 
2 31 5 -5 1 1 1 
2 -2 2 1 1 1 1 
2 23 -1 -2 1 1 1 
2 28 -1 -5 1 1 1 
2 7 -1 -2 1 1 1 
2 2 -1 5 1 1 1 
2 35 1 -5 1 1 1 
2 27 3 1 1 1 1 
2 20 3 1 1 1 1 
2 28 -1 0 1 1 1 
2 35 -1 -6 1 1 1 
2 3 0 6 1 1 1 
2 12 -1 0 1 1 1 
2 -4 -1 -1 1 1 1 
2 33 -1 -5 1 1 1 
2 31 3 2 1 1 1 
2 20 -1 -5 1 1 1 
2 24 3 1 1 1 1 
2 30 -1 -1 1 1 1 
2 -7 -1 0 1 1 1 
2 31 1 1 1 1 1 
2 9 -1 0 1 1 1 
2 11 4 2 1 1 1 
2 5 -1 -2 1 1 1 
2 35 2 -6 1 1 1 
2 27 -1 -3 1 1 1 
2 15 0 -6 1 1 1 
2 1 -1 -2 1 1 1 
2 28 -1 1 1 1 1 
2 27 -1 1 1 1 1 
2 10 2 1 1 1 1 
2 19 1 2 1 1 1 
2 28 4 2 1 1 1 
2 27 5 2 1 1 1 
2 13 1 -7 1 1 1 
2 18 4 2 1 1 1 
2 13 2 2 1 1 1 
2 31 -1 0 1 1 1 
2 31 3 -2 1 1 1 
2 9 -1 -2 1 1 1 
2 0 -1 2 1 1 1 
2 10 -1 0 1 1 1 
2 35 -1 -5 1 1 1 
2 31 5 -3 1 1 1 
2 15 0 -5 1 1 1 
2 27 -1 -5 1 1 1 
2 13 1 -6 1 1 1 
2 0 -1 0 1 1 1 
2 35 1 0 1 1 1 
2 1 -1 -5 1 1 1 
2 23 4 2 1 1 1 
2 -2 2 -1 1 1 1 
2 23 3 2 1 1 1 
2 18 0 -7 1 1 1 
2 2 -1 3 1 1 1 
2 31 2 0 1 1 1 
2 2 -1 1 1 1 1 
2 28 2 2 1 1 1 
2 15 -1 -5 1 1 1 
2 11 1 -6 1 1 1 
2 4 0 -5 1 1 1 
2 6 -1 -1 1 1 1 
2 35 6 1 1 1 1 
2 4 -1 -3 1 1 1 
2 4 0 6 1 1 1 
2 -4 -1 1 1 1 1 
2 -1 -1 4 1 1 1 
2 16 0 2 1 1 1 
2 8 -1 -1 1 1 1 
2 21 -1 -6 1 1 1 
2 30 0 -7 1 1 1 
2 16 1 2 1 1 1 
2 35 5 -5 1 1 1 
2 4 0 -4 0 0 0 
2 35 5 0 1 1 1 
2 10 4 1 1 1 1 
2 -9 0 -2 1 1 1 
2 0 -1 1 1 1 1 
2 4 -1 0 1 1 1 
2 -2 -1 1 1 1 1 
2 26 -1 0 1 1 1 
2 30 -1 -3 1 1 1 
2 10 4 -6 1 1 1 
2 32 1 2 1 1 1 
2 15 0 2 1 1 1 
2 29 4 2 1 1 1 
2 -7 0 -3 1 1 1 
2 5 0 4 1 1 1 
2 21 4 2 1 1 1 
2 22 0 -7 1 1 1 
2 14 0 -6 1 1 1 
2 31 3 1 1 1 1 
2 34 0 -7 1 1 1 
2 22 -1 -5 1 1 1 
2 34 3 2 1 1 1 
2 31 -1 -4 1 1 1 
2 16 -1 -6 1 1 1 
2 16 3 1 1 1 1 
2 26 -1 -1 1 1 1 
2 19 -1 -3 1 1 1 
2 22 3 2 1 1 1 
2 31 4 1 1 1 1 
2 12 6 2 1 1 1 
2 -2 2 0 1 1 1 
2 2 0 6 1 1 1 
2 35 1 -6 1 1 1 
2 10 4 2 1 1 1 
2 19 -1 -2 1 1 1 
2 12 -1 -1 1 1 1 
2 12 5 2 1 1 1 
2 0 0 -5 1 1 1 
10 37 3 -11 1 1 1 0 
2 10 0 1 1 1 1 
2 19 4 2 1 1 1 
2 25 5 2 1 1 1 
2 35 0 0 1 1 1 
2 -1 -1 5 1 1 1 
2 5 0 6 1 1 1 
2 21 -1 1 1 1 1 
2 14 -1 -3 1 1 1 
2 13 -1 -1 1 1 1 
2 35 0 1 1 1 1 
2 29 6 2 1 1 1 
2 35 4 -2 1 1 1 
2 35 6 0 1 1 1 
2 18 -1 -4 1 1 1 
2 10 4 -2 1 1 1 
2 32 -1 -3 1 1 1 
2 22 3 1 1 1 1 
2 17 -1 -3 1 1 1 
2 0 -1 -2 1 1 1 
2 31 1 -6 1 1 1 
2 20 3 2 1 1 1 
2 15 0 -4 1 1 1 
2 10 4 -3 1 1 1 
2 31 5 -1 1 1 1 
2 35 2 -2 1 1 1 
2 -1 -1 -5 1 1 1 
2 17 -1 1 1 1 1 
2 33 0 2 1 1 1 
2 19 -1 -5 1 1 1 
2 10 3 0 1 1 1 
2 -3 0 -3 1 1 1 
2 27 2 2 1 1 1 
2 12 0 -5 1 1 1 
2 21 3 2 1 1 1 
2 -2 0 -5 1 1 1 
2 -2 -1 -2 1 1 1 
2 -3 -1 0 1 1 1 
2 33 1 2 1 1 1 
2 8 0 1 1 1 1 
2 -2 0 4 1 1 1 
2 20 3 0 1 1 1 
2 29 -1 1 1 1 1 
2 14 -1 0 1 1 1 
2 25 0 -7 1 1 1 
2 28 1 2 1 1 1 
2 32 -1 -4 1 1 1 
2 -1 -1 -1 1 1 1 
2 18 0 2 1 1 1 
2 0 -1 3 1 1 1 
2 10 0 -3 1 1 1 
2 -6 -1 0 1 1 1 
2 3 0 -4 0 0 0 
2 22 -1 0 1 1 1 
2 3 -1 -4 1 1 1 
2 32 0 -7 1 1 1 
2 35 0 -3 1 1 1 
2 30 3 1 1 1 1 
2 25 -1 -6 1 1 1 
2 31 2 2 1 1 1 
2 25 3 1 1 1 1 
2 31 -1 -5 1 1 1 
2 -2 2 -2 1 1 1 
2 1 0 -5 1 1 1 
2 12 4 2 1 1 1 
7 18 4 0 1 1 1 15 
10 37 2 -9 1 1 1 0 
2 29 3 0 1 1 1 
2 7 -1 -1 1 1 1 
2 25 -1 1 1 1 1 
2 1 -1 4 1 1 1 
2 30 -1 -2 1 1 1 
2 11 2 -4 1 1 1 
2 24 3 0 1 1 1 
2 25 0 2 1 1 1 
2 33 -1 -2 1 1 1 
2 30 0 2 1 1 1 
2 31 1 -3 1 1 1 
2 16 -1 -2 1 1 1 
2 14 0 2 1 1 1 
2 11 3 2 1 1 1 
2 23 5 2 1 1 1 
2 21 2 2 1 1 1 
2 21 1 2 1 1 1 
2 2 0 -5 1 1 1 
2 11 5 2 1 1 1 
2 -1 0 2 1 1 1 
2 33 -1 -1 1 1 1 
2 15 2 2 1 1 1 
2 32 -1 0 1 1 1 
2 9 -1 -1 1 1 1 
2 35 1 -1 1 1 1 
2 29 3 1 1 1 1 
2 -3 0 2 1 1 1 
2 26 3 1 1 1 1 
10 12 3 -1 1 1 1 180 
2 10 -1 -2 1 1 1 
2 29 5 2 1 1 1 
2 29 -1 0 1 1 1 
2 18 -1 -6 1 1 1 
2 21 -1 -1 1 1 1 
2 35 0 -5 1 1 1 
2 32 2 2 1 1 1 
2 35 3 -6 1 1 1 
2 31 5 1 1 1 1 
2 22 4 2 1 1 1 
2 31 2 -1 1 1 1 
2 35 5 -6 1 1 1 
2 32 -1 1 1 1 1 
2 4 -1 1 1 1 1 
3 -8 0 -1 1 1 1 1 
2 -2 1 -2 1 1 1 
2 27 -1 -1 1 1 1 
2 31 1 0 1 1 1 
2 -2 1 1 1 1 1 
2 15 -1 -2 1 1 1 
2 12 1 -5 1 1 1 
2 23 -1 -3 1 1 1 
2 18 3 1 1 1 1 
2 27 6 2 1 1 1 
2 24 5 2 1 1 1 
2 23 6 2 1 1 1 
2 19 -1 -1 1 1 1 
2 14 -1 -5 1 1 1 
2 33 5 2 1 1 1 
2 35 4 1 1 1 1 
2 -2 0 6 1 1 1 
2 -1 -1 2 1 1 1 
2 1 -1 -3 1 1 1 
2 5 0 -3 1 1 1 
2 31 5 2 1 1 1 
2 12 3 2 1 1 1 
2 20 2 2 1 1 1 
2 35 3 0 1 1 1 
2 -8 -1 -2 1 1 1 
2 21 0 2 1 1 1 
2 32 5 2 1 1 1 
2 16 5 2 1 1 1 
2 14 -1 -2 1 1 1 
2 31 3 0 1 1 1 
2 30 3 2 1 1 1 
2 11 0 -5 1 1 1 
2 35 4 0 1 1 1 
2 -5 -1 1 1 1 1 
2 34 -1 -4 1 1 1 
2 18 -1 1 1 1 1 
2 23 0 -7 1 1 1 
2 4 -1 3 1 1 1 
2 1 -1 5 1 1 1 
2 34 -1 1 1 1 1 
2 16 -1 0 1 1 1 
2 15 3 2 1 1 1 
2 19 6 2 1 1 1 
2 24 4 2 1 1 1 
2 16 6 2 1 1 1 
2 10 2 -6 1 1 1 
2 29 -1 -2 1 1 1 
2 25 2 2 1 1 1 
2 14 3 1 1 1 1 
2 14 6 2 1 1 1 
2 10 4 -4 1 1 1 
