14 0 1 0 1 1 1 Level1F.txt 5 0 ( 4 ) 
5 23 1 40 1 1 1 4 ( 5 ) 
2 23 0 39 1 1 1 
2 23 0 40 1 1 1 
2 28 1 34 1 1 1 
2 29 1 34 1 1 1 
2 30 1 34 1 1 1 
2 31 1 34 1 1 1 
2 32 1 34 1 1 1 
2 32 1 35 1 1 1 
2 32 1 38 1 1 1 
2 32 1 37 1 1 1 
2 32 1 36 1 1 1 
2 9 1 14 1 1 1 
2 20 1 39 1 1 1 
2 22 1 39 1 1 1 
2 22 3 39 1 1 1 
2 21 3 39 1 1 1 
2 20 3 39 1 1 1 
2 22 4 39 1 1 1 
2 21 4 39 1 1 1 
2 20 4 39 1 1 1 
2 44 7 39 1 1 1 
2 43 7 39 1 1 1 
2 42 7 39 1 1 1 
2 41 7 39 1 1 1 
2 40 7 39 1 1 1 
2 39 7 39 1 1 1 
2 38 7 39 1 1 1 
2 37 7 39 1 1 1 
2 36 7 39 1 1 1 
2 27 7 39 1 1 1 
2 28 7 39 1 1 1 
2 29 7 39 1 1 1 
2 30 7 39 1 1 1 
2 31 7 39 1 1 1 
2 32 7 39 1 1 1 
2 33 7 39 1 1 1 
2 34 7 39 1 1 1 
2 35 7 39 1 1 1 
2 18 7 39 1 1 1 
2 19 7 39 1 1 1 
2 23 7 39 1 1 1 
2 24 7 39 1 1 1 
2 25 7 39 1 1 1 
2 26 7 39 1 1 1 
2 9 7 39 1 1 1 
2 10 7 39 1 1 1 
2 11 7 39 1 1 1 
2 12 7 39 1 1 1 
2 13 7 39 1 1 1 
2 14 7 39 1 1 1 
2 15 7 39 1 1 1 
2 16 7 39 1 1 1 
2 17 7 39 1 1 1 
2 8 7 39 1 1 1 
2 7 7 39 1 1 1 
2 6 7 39 1 1 1 
2 5 7 39 1 1 1 
2 4 7 39 1 1 1 
2 3 7 39 1 1 1 
2 2 7 39 1 1 1 
2 1 7 39 1 1 1 
2 0 7 39 1 1 1 
2 36 6 39 1 1 1 
2 37 6 39 1 1 1 
2 38 6 39 1 1 1 
2 39 6 39 1 1 1 
2 40 6 39 1 1 1 
2 41 6 39 1 1 1 
2 42 6 39 1 1 1 
2 43 6 39 1 1 1 
2 44 6 39 1 1 1 
2 35 6 39 1 1 1 
2 34 6 39 1 1 1 
2 33 6 39 1 1 1 
2 32 6 39 1 1 1 
2 31 6 39 1 1 1 
2 30 6 39 1 1 1 
2 29 6 39 1 1 1 
2 28 6 39 1 1 1 
2 27 6 39 1 1 1 
2 26 6 39 1 1 1 
2 25 6 39 1 1 1 
2 24 6 39 1 1 1 
2 23 6 39 1 1 1 
2 22 7 39 1 1 1 
2 21 7 39 1 1 1 
2 20 7 39 1 1 1 
2 19 6 39 1 1 1 
2 18 6 39 1 1 1 
2 17 6 39 1 1 1 
2 16 6 39 1 1 1 
2 15 6 39 1 1 1 
2 14 6 39 1 1 1 
2 13 6 39 1 1 1 
2 12 6 39 1 1 1 
2 11 6 39 1 1 1 
2 10 6 39 1 1 1 
2 9 6 39 1 1 1 
2 8 6 39 1 1 1 
2 7 6 39 1 1 1 
2 6 6 39 1 1 1 
2 5 6 39 1 1 1 
2 4 6 39 1 1 1 
2 3 6 39 1 1 1 
2 2 6 39 1 1 1 
2 1 6 39 1 1 1 
2 0 6 39 1 1 1 
2 44 5 39 1 1 1 
2 43 5 39 1 1 1 
2 42 5 39 1 1 1 
2 41 5 39 1 1 1 
2 40 5 39 1 1 1 
2 39 5 39 1 1 1 
2 38 5 39 1 1 1 
2 37 5 39 1 1 1 
2 36 5 39 1 1 1 
2 27 5 39 1 1 1 
2 28 5 39 1 1 1 
2 29 5 39 1 1 1 
2 30 5 39 1 1 1 
2 31 5 39 1 1 1 
2 32 5 39 1 1 1 
2 33 5 39 1 1 1 
2 34 5 39 1 1 1 
2 35 5 39 1 1 1 
2 18 5 39 1 1 1 
2 19 5 39 1 1 1 
2 23 5 39 1 1 1 
2 24 5 39 1 1 1 
2 25 5 39 1 1 1 
2 26 5 39 1 1 1 
2 9 5 39 1 1 1 
2 10 5 39 1 1 1 
2 11 5 39 1 1 1 
2 12 5 39 1 1 1 
2 13 5 39 1 1 1 
2 14 5 39 1 1 1 
2 15 5 39 1 1 1 
2 16 5 39 1 1 1 
2 17 5 39 1 1 1 
2 8 5 39 1 1 1 
2 7 5 39 1 1 1 
2 6 5 39 1 1 1 
2 5 5 39 1 1 1 
2 4 5 39 1 1 1 
2 3 5 39 1 1 1 
2 2 5 39 1 1 1 
2 1 5 39 1 1 1 
2 0 5 39 1 1 1 
2 36 4 39 1 1 1 
2 37 4 39 1 1 1 
2 38 4 39 1 1 1 
2 39 4 39 1 1 1 
2 40 4 39 1 1 1 
2 41 4 39 1 1 1 
2 42 4 39 1 1 1 
2 43 4 39 1 1 1 
2 44 4 39 1 1 1 
2 35 4 39 1 1 1 
2 34 4 39 1 1 1 
2 33 4 39 1 1 1 
2 32 4 39 1 1 1 
2 31 4 39 1 1 1 
2 30 4 39 1 1 1 
2 29 4 39 1 1 1 
2 28 4 39 1 1 1 
2 27 4 39 1 1 1 
2 26 4 39 1 1 1 
2 25 4 39 1 1 1 
2 24 4 39 1 1 1 
2 23 4 39 1 1 1 
2 22 6 39 1 1 1 
2 21 6 39 1 1 1 
2 20 6 39 1 1 1 
2 19 4 39 1 1 1 
2 18 4 39 1 1 1 
2 17 4 39 1 1 1 
2 16 4 39 1 1 1 
2 15 4 39 1 1 1 
2 14 4 39 1 1 1 
2 13 4 39 1 1 1 
2 12 4 39 1 1 1 
2 11 4 39 1 1 1 
2 10 4 39 1 1 1 
2 9 4 39 1 1 1 
2 8 4 39 1 1 1 
2 7 4 39 1 1 1 
2 6 4 39 1 1 1 
2 5 4 39 1 1 1 
2 4 4 39 1 1 1 
2 3 4 39 1 1 1 
2 2 4 39 1 1 1 
2 1 4 39 1 1 1 
2 0 4 39 1 1 1 
2 44 3 39 1 1 1 
2 43 3 39 1 1 1 
2 42 3 39 1 1 1 
2 41 3 39 1 1 1 
2 40 3 39 1 1 1 
2 39 3 39 1 1 1 
2 38 3 39 1 1 1 
2 37 3 39 1 1 1 
2 36 3 39 1 1 1 
2 27 3 39 1 1 1 
2 28 3 39 1 1 1 
2 29 3 39 1 1 1 
2 30 3 39 1 1 1 
2 31 3 39 1 1 1 
2 32 3 39 1 1 1 
2 33 3 39 1 1 1 
2 34 3 39 1 1 1 
2 35 3 39 1 1 1 
2 18 3 39 1 1 1 
2 19 3 39 1 1 1 
2 23 3 39 1 1 1 
2 24 3 39 1 1 1 
2 25 3 39 1 1 1 
2 26 3 39 1 1 1 
2 9 3 39 1 1 1 
2 10 3 39 1 1 1 
2 11 3 39 1 1 1 
2 12 3 39 1 1 1 
2 13 3 39 1 1 1 
2 14 3 39 1 1 1 
2 15 3 39 1 1 1 
2 16 3 39 1 1 1 
2 17 3 39 1 1 1 
2 8 3 39 1 1 1 
2 7 3 39 1 1 1 
2 6 3 39 1 1 1 
2 5 3 39 1 1 1 
2 4 3 39 1 1 1 
2 3 3 39 1 1 1 
2 2 3 39 1 1 1 
2 1 3 39 1 1 1 
2 0 3 39 1 1 1 
2 36 2 39 1 1 1 
2 37 2 39 1 1 1 
2 38 2 39 1 1 1 
2 39 2 39 1 1 1 
2 40 2 39 1 1 1 
2 41 2 39 1 1 1 
2 42 2 39 1 1 1 
2 43 2 39 1 1 1 
2 44 2 39 1 1 1 
2 35 2 39 1 1 1 
2 34 2 39 1 1 1 
2 33 2 39 1 1 1 
2 32 2 39 1 1 1 
2 31 2 39 1 1 1 
2 30 2 39 1 1 1 
2 29 2 39 1 1 1 
2 28 2 39 1 1 1 
2 27 2 39 1 1 1 
2 26 2 39 1 1 1 
2 25 2 39 1 1 1 
2 21 2 39 1 1 1 
2 20 2 39 1 1 1 
2 22 5 39 1 1 1 
2 21 5 39 1 1 1 
2 20 5 39 1 1 1 
2 19 2 39 1 1 1 
2 18 2 39 1 1 1 
2 17 2 39 1 1 1 
2 16 2 39 1 1 1 
2 15 2 39 1 1 1 
2 14 2 39 1 1 1 
2 13 2 39 1 1 1 
2 12 2 39 1 1 1 
2 11 2 39 1 1 1 
2 10 2 39 1 1 1 
2 9 2 39 1 1 1 
2 8 2 39 1 1 1 
2 7 2 39 1 1 1 
2 6 2 39 1 1 1 
2 5 2 39 1 1 1 
2 4 2 39 1 1 1 
2 3 2 39 1 1 1 
2 2 2 39 1 1 1 
2 1 2 39 1 1 1 
2 0 2 39 1 1 1 
2 44 1 39 1 1 1 
2 43 1 39 1 1 1 
2 42 1 39 1 1 1 
2 41 1 39 1 1 1 
2 40 1 39 1 1 1 
2 39 1 39 1 1 1 
2 38 1 39 1 1 1 
2 37 1 39 1 1 1 
2 36 1 39 1 1 1 
2 27 1 39 1 1 1 
2 28 1 39 1 1 1 
2 29 1 39 1 1 1 
2 30 1 39 1 1 1 
2 31 1 39 1 1 1 
2 32 1 39 1 1 1 
2 33 1 39 1 1 1 
2 34 1 39 1 1 1 
2 35 1 39 1 1 1 
2 18 1 39 1 1 1 
2 19 1 39 1 1 1 
2 21 1 39 1 1 1 
2 24 1 39 1 1 1 
2 25 1 39 1 1 1 
2 26 1 39 1 1 1 
2 9 1 39 1 1 1 
2 10 1 39 1 1 1 
2 11 1 39 1 1 1 
2 12 1 39 1 1 1 
2 13 1 39 1 1 1 
2 14 1 39 1 1 1 
2 15 1 39 1 1 1 
2 16 1 39 1 1 1 
2 17 1 39 1 1 1 
2 8 1 39 1 1 1 
2 7 1 39 1 1 1 
2 6 1 39 1 1 1 
2 5 1 39 1 1 1 
2 4 1 39 1 1 1 
2 3 1 39 1 1 1 
2 2 1 39 1 1 1 
2 1 1 39 1 1 1 
2 0 1 39 1 1 1 
2 36 0 39 1 1 1 
2 37 0 39 1 1 1 
2 38 0 39 1 1 1 
2 39 0 39 1 1 1 
2 40 0 39 1 1 1 
2 41 0 39 1 1 1 
2 42 0 39 1 1 1 
2 43 0 39 1 1 1 
2 44 0 39 1 1 1 
2 35 0 39 1 1 1 
2 34 0 39 1 1 1 
2 33 0 39 1 1 1 
2 32 0 39 1 1 1 
2 31 0 39 1 1 1 
2 30 0 39 1 1 1 
2 29 0 39 1 1 1 
2 28 0 39 1 1 1 
2 27 0 39 1 1 1 
2 26 0 39 1 1 1 
2 25 0 39 1 1 1 
2 24 0 39 1 1 1 
2 23 0 39 1 1 1 
2 22 0 39 1 1 1 
2 21 0 39 1 1 1 
2 20 0 39 1 1 1 
2 19 0 39 1 1 1 
2 18 0 39 1 1 1 
2 17 0 39 1 1 1 
2 16 0 39 1 1 1 
2 15 0 39 1 1 1 
2 14 0 39 1 1 1 
2 13 0 39 1 1 1 
2 12 0 39 1 1 1 
2 11 0 39 1 1 1 
2 10 0 39 1 1 1 
2 9 0 39 1 1 1 
2 8 0 39 1 1 1 
2 7 0 39 1 1 1 
2 6 0 39 1 1 1 
2 5 0 39 1 1 1 
2 4 0 39 1 1 1 
2 3 0 39 1 1 1 
2 2 0 39 1 1 1 
2 1 0 39 1 1 1 
2 0 0 39 1 1 1 
2 27 1 19 1 1 1 
2 27 1 20 1 1 1 
2 29 1 30 1 1 1 
2 30 1 30 1 1 1 
2 27 1 29 1 1 1 
2 29 1 29 1 1 1 
2 30 1 29 1 1 1 
2 28 1 29 1 1 1 
2 21 1 32 1 1 1 
2 22 1 32 1 1 1 
2 22 1 30 1 1 1 
2 21 1 30 1 1 1 
2 9 1 16 1 1 1 
2 9 1 15 1 1 1 
2 10 1 25 1 1 1 
2 21 1 33 1 1 1 
2 13 0 37 1 1 1 
2 25 1 -14 1 1 1 
2 14 0 6 1 1 1 
2 14 1 33 1 1 1 
2 14 1 32 1 1 1 
2 14 1 34 1 1 1 
2 18 0 28 1 1 1 
2 9 1 13 1 1 1 
2 2 0 5 1 1 1 
2 29 0 36 1 1 1 
2 42 0 11 1 1 1 
2 23 0 38 1 1 1 
2 1 0 35 1 1 1 
2 8 1 32 1 1 1 
2 14 0 38 1 1 1 
2 36 0 20 1 1 1 
2 14 0 25 1 1 1 
2 9 1 32 1 1 1 
2 -11 1 -6 1 1 1 
2 9 0 5 1 1 1 
2 25 0 4 1 1 1 
2 13 1 -10 1 1 1 
2 29 0 23 1 1 1 
2 43 0 16 1 1 1 
2 13 0 26 1 1 1 
2 -8 1 6 1 1 1 
2 17 1 3 1 1 1 
2 11 0 22 1 1 1 
2 8 0 11 1 1 1 
2 9 0 21 1 1 1 
2 27 0 11 1 1 1 
2 33 0 12 1 1 1 
2 20 0 28 1 1 1 
2 26 0 36 1 1 1 
2 16 0 28 1 1 1 
2 26 0 30 1 1 1 
2 35 0 24 1 1 1 
2 7 1 -10 1 1 1 
2 15 0 10 1 1 1 
2 14 0 17 1 1 1 
2 38 0 17 1 1 1 
2 13 0 22 1 1 1 
2 30 0 25 1 1 1 
2 21 1 11 1 1 1 
2 40 0 28 1 1 1 
2 12 0 37 1 1 1 
2 36 0 19 1 1 1 
2 28 0 31 1 1 1 
2 29 0 30 1 1 1 
2 12 0 27 1 1 1 
2 3 0 29 1 1 1 
2 12 0 25 1 1 1 
2 12 0 30 1 1 1 
2 6 0 31 1 1 1 
2 40 0 30 1 1 1 
2 6 1 13 1 1 1 
2 14 0 18 1 1 1 
2 39 0 37 1 1 1 
2 13 0 23 1 1 1 
2 2 0 32 1 1 1 
2 1 0 8 1 1 1 
2 37 0 16 1 1 1 
2 26 0 37 1 1 1 
2 4 0 9 1 1 1 
2 27 0 6 1 1 1 
2 0 0 35 1 1 1 
2 14 1 7 1 1 1 
2 39 0 11 1 1 1 
2 42 0 10 1 1 1 
2 44 0 37 1 1 1 
2 34 0 7 1 1 1 
2 15 0 8 1 1 1 
2 44 0 10 1 1 1 
2 2 0 23 1 1 1 
2 1 0 12 1 1 1 
2 5 1 -5 1 1 1 
2 5 0 24 1 1 1 
2 22 0 27 1 1 1 
2 19 1 29 1 1 1 
2 20 1 29 1 1 1 
2 18 1 29 1 1 1 
2 22 0 14 1 1 1 
2 30 0 30 1 1 1 
2 34 0 22 1 1 1 
2 3 0 4 1 1 1 
2 9 1 15 1 1 1 
2 31 1 2 1 1 1 
2 24 0 18 1 1 1 
2 37 0 19 1 1 1 
2 7 0 32 1 1 1 
2 2 0 20 1 1 1 
2 3 0 21 1 1 1 
2 22 0 22 1 1 1 
2 27 1 -20 1 1 1 
2 21 0 15 1 1 1 
2 19 0 9 1 1 1 
2 13 0 27 1 1 1 
2 21 0 8 1 1 1 
2 25 1 2 1 1 1 
2 33 0 21 1 1 1 
2 35 0 6 1 1 1 
2 10 0 35 1 1 1 
2 15 0 19 1 1 1 
2 14 0 35 1 1 1 
2 4 0 29 1 1 1 
2 9 0 6 1 1 1 
2 43 0 30 1 1 1 
2 6 0 33 1 1 1 
2 42 0 4 1 1 1 
2 24 0 12 1 1 1 
2 29 0 6 1 1 1 
2 38 0 23 1 1 1 
2 33 0 33 1 1 1 
2 23 0 4 1 1 1 
2 -11 1 5 1 1 1 
2 17 0 28 1 1 1 
2 27 0 33 1 1 1 
2 35 0 36 1 1 1 
2 14 0 27 1 1 1 
2 38 1 9 1 1 1 
2 10 0 29 1 1 1 
2 -18 1 15 1 1 1 
2 8 0 4 1 1 1 
2 19 0 22 1 1 1 
2 28 1 36 1 1 1 
2 31 0 10 1 1 1 
2 31 0 36 1 1 1 
2 44 0 7 1 1 1 
2 34 0 11 1 1 1 
2 30 0 24 1 1 1 
2 14 0 12 1 1 1 
2 24 0 16 1 1 1 
2 24 1 -22 1 1 1 
2 12 0 38 1 1 1 
2 40 0 22 1 1 1 
2 24 1 -14 1 1 1 
2 29 0 38 1 1 1 
2 21 1 -2 1 1 1 
2 32 0 7 1 1 1 
2 33 1 20 1 1 1 
2 32 0 30 1 1 1 
2 34 0 37 1 1 1 
2 3 0 36 1 1 1 
2 31 0 24 1 1 1 
2 26 1 24 1 1 1 
2 13 0 11 1 1 1 
2 -9 1 9 1 1 1 
2 20 0 12 1 1 1 
2 41 0 30 1 1 1 
2 28 0 23 1 1 1 
2 15 1 6 1 1 1 
2 31 0 17 1 1 1 
2 41 0 17 1 1 1 
2 17 0 13 1 1 1 
2 15 0 30 1 1 1 
2 41 0 18 1 1 1 
2 30 0 36 1 1 1 
2 23 0 30 1 1 1 
2 37 0 24 1 1 1 
2 41 0 23 1 1 1 
2 24 0 13 1 1 1 
2 7 0 31 1 1 1 
2 2 1 5 1 1 1 
2 42 0 34 1 1 1 
2 -2 1 11 1 1 1 
2 6 0 20 1 1 1 
2 29 1 23 1 1 1 
2 14 0 26 1 1 1 
2 1 0 38 1 1 1 
2 21 0 9 1 1 1 
2 27 0 21 1 1 1 
2 41 0 37 1 1 1 
2 17 0 20 1 1 1 
2 8 0 7 1 1 1 
2 44 0 9 1 1 1 
2 14 0 34 1 1 1 
2 2 0 21 1 1 1 
2 33 1 -9 1 1 1 
2 19 0 15 1 1 1 
2 40 0 16 1 1 1 
2 39 0 4 1 1 1 
2 24 0 24 1 1 1 
2 22 1 -5 1 1 1 
2 22 0 38 1 1 1 
2 33 1 19 1 1 1 
2 28 0 19 1 1 1 
2 40 0 38 1 1 1 
2 9 1 36 1 1 1 
2 19 0 31 1 1 1 
2 7 0 9 1 1 1 
2 16 0 35 1 1 1 
2 21 0 32 1 1 1 
2 4 0 37 1 1 1 
2 23 0 9 1 1 1 
2 11 0 6 1 1 1 
2 19 0 20 1 1 1 
2 0 0 15 1 1 1 
2 38 1 30 1 1 1 
2 1 0 29 1 1 1 
2 5 0 28 1 1 1 
2 16 0 38 1 1 1 
2 16 0 22 1 1 1 
2 28 0 20 1 1 1 
2 44 0 17 1 1 1 
2 17 0 21 1 1 1 
2 33 0 27 1 1 1 
2 1 1 -13 1 1 1 
2 44 0 29 1 1 1 
2 9 0 25 1 1 1 
2 27 0 23 1 1 1 
2 17 0 4 1 1 1 
2 30 1 2 1 1 1 
2 7 0 19 1 1 1 
2 35 0 20 1 1 1 
2 30 0 19 1 1 1 
2 3 0 15 1 1 1 
2 9 1 -1 1 1 1 
2 29 0 32 1 1 1 
2 34 0 34 1 1 1 
2 22 0 5 1 1 1 
2 29 1 2 1 1 1 
2 21 0 28 1 1 1 
2 36 0 37 1 1 1 
2 19 0 25 1 1 1 
2 12 0 13 1 1 1 
2 37 0 23 1 1 1 
2 21 0 24 1 1 1 
2 15 0 14 1 1 1 
2 21 1 2 1 1 1 
2 43 0 12 1 1 1 
2 9 1 13 1 1 1 
2 31 0 35 1 1 1 
2 3 0 33 1 1 1 
2 32 1 29 1 1 1 
2 33 1 29 1 1 1 
2 31 1 29 1 1 1 
2 15 0 23 1 1 1 
2 38 0 24 1 1 1 
2 31 0 37 1 1 1 
2 14 0 31 1 1 1 
2 24 0 7 1 1 1 
2 11 0 11 1 1 1 
2 6 0 19 1 1 1 
2 15 0 9 1 1 1 
2 20 0 15 1 1 1 
2 33 0 4 1 1 1 
2 26 0 14 1 1 1 
2 10 0 20 1 1 1 
2 21 0 11 1 1 1 
2 32 0 21 1 1 1 
2 17 0 34 1 1 1 
2 10 1 -9 1 1 1 
2 8 0 30 1 1 1 
2 9 0 14 1 1 1 
2 42 0 15 1 1 1 
2 38 1 35 1 1 1 
2 20 1 22 1 1 1 
2 8 0 23 1 1 1 
2 41 0 10 1 1 1 
2 8 0 24 1 1 1 
2 30 0 37 1 1 1 
2 -3 1 9 1 1 1 
2 36 0 8 1 1 1 
2 44 0 27 1 1 1 
2 22 0 9 1 1 1 
2 15 0 25 1 1 1 
2 10 0 26 1 1 1 
2 31 0 14 1 1 1 
2 32 0 34 1 1 1 
2 17 0 38 1 1 1 
2 12 0 11 1 1 1 
2 38 0 36 1 1 1 
2 17 0 31 1 1 1 
2 39 0 9 1 1 1 
2 20 0 19 1 1 1 
2 26 0 13 1 1 1 
2 11 0 36 1 1 1 
2 20 0 10 1 1 1 
2 11 0 20 1 1 1 
2 28 0 13 1 1 1 
2 43 0 9 1 1 1 
2 8 0 19 1 1 1 
2 20 0 8 1 1 1 
2 32 0 9 1 1 1 
2 25 1 38 1 1 1 
2 33 1 25 1 1 1 
2 28 0 15 1 1 1 
2 10 1 -14 1 1 1 
2 41 0 4 1 1 1 
2 19 0 18 1 1 1 
2 3 0 14 1 1 1 
2 42 0 36 1 1 1 
2 27 0 32 1 1 1 
2 30 0 28 1 1 1 
2 1 0 28 1 1 1 
2 14 0 13 1 1 1 
2 16 0 25 1 1 1 
2 2 0 19 1 1 1 
2 34 0 6 1 1 1 
2 26 0 17 1 1 1 
2 19 0 32 1 1 1 
2 30 0 7 1 1 1 
2 6 0 29 1 1 1 
2 34 0 32 1 1 1 
2 39 0 18 1 1 1 
2 9 0 10 1 1 1 
2 25 0 11 1 1 1 
2 3 0 12 1 1 1 
2 42 0 21 1 1 1 
2 29 0 11 1 1 1 
2 11 0 27 1 1 1 
2 42 0 25 1 1 1 
2 43 0 31 1 1 1 
2 26 0 9 1 1 1 
2 15 0 36 1 1 1 
2 42 0 19 1 1 1 
2 38 0 31 1 1 1 
2 8 0 15 1 1 1 
2 1 0 13 1 1 1 
2 38 0 30 1 1 1 
2 18 0 6 1 1 1 
2 14 0 21 1 1 1 
2 41 0 11 1 1 1 
2 6 0 5 1 1 1 
2 23 1 -18 1 1 1 
2 21 0 29 1 1 1 
2 7 0 25 1 1 1 
2 -5 1 15 1 1 1 
2 12 0 28 1 1 1 
2 9 0 36 1 1 1 
2 14 0 7 1 1 1 
2 -8 1 14 1 1 1 
2 44 0 31 1 1 1 
2 -22 1 16 1 1 1 
2 8 0 38 1 1 1 
2 3 0 28 1 1 1 
2 11 0 5 1 1 1 
2 2 1 -1 1 1 1 
2 12 0 34 1 1 1 
2 31 0 15 1 1 1 
2 26 0 31 1 1 1 
2 34 0 12 1 1 1 
2 36 0 27 1 1 1 
2 -8 1 6 1 1 1 
2 13 0 17 1 1 1 
2 42 0 30 1 1 1 
2 4 0 18 1 1 1 
2 2 1 31 1 1 1 
2 15 0 12 1 1 1 
2 35 0 19 1 1 1 
2 29 1 -6 1 1 1 
2 1 1 2 1 1 1 
2 33 0 36 1 1 1 
2 23 0 22 1 1 1 
2 38 0 5 1 1 1 
2 32 0 12 1 1 1 
2 -19 1 12 1 1 1 
2 42 0 33 1 1 1 
2 28 0 16 1 1 1 
2 25 0 16 1 1 1 
2 28 0 24 1 1 1 
2 33 0 9 1 1 1 
2 42 0 38 1 1 1 
2 37 0 38 1 1 1 
2 30 0 9 1 1 1 
2 25 1 37 1 1 1 
2 22 0 33 1 1 1 
2 28 0 22 1 1 1 
2 13 0 34 1 1 1 
2 43 0 18 1 1 1 
2 7 0 8 1 1 1 
2 38 1 26 1 1 1 
2 19 0 29 1 1 1 
2 30 0 13 1 1 1 
2 44 0 34 1 1 1 
2 -5 1 8 1 1 1 
2 5 0 26 1 1 1 
2 5 0 13 1 1 1 
2 20 0 23 1 1 1 
2 -8 1 4 1 1 1 
2 0 0 5 1 1 1 
2 33 1 26 1 1 1 
2 26 0 32 1 1 1 
2 17 1 32 1 1 1 
2 18 1 30 1 1 1 
2 16 1 31 1 1 1 
2 2 0 13 1 1 1 
2 26 1 -2 1 1 1 
2 9 1 29 1 1 1 
2 29 0 20 1 1 1 
2 3 1 -7 1 1 1 
2 20 0 36 1 1 1 
2 15 0 6 1 1 1 
2 5 0 29 1 1 1 
2 6 0 34 1 1 1 
2 5 0 30 1 1 1 
2 21 0 7 1 1 1 
2 18 0 10 1 1 1 
2 0 1 10 1 1 1 
2 31 0 11 1 1 1 
2 33 0 26 1 1 1 
2 16 0 5 1 1 1 
2 20 1 -10 1 1 1 
2 27 0 13 1 1 1 
2 34 0 8 1 1 1 
2 15 0 37 1 1 1 
2 2 0 14 1 1 1 
2 3 1 32 1 1 1 
2 18 0 21 1 1 1 
2 19 0 37 1 1 1 
2 14 1 30 1 1 1 
2 14 1 29 1 1 1 
2 14 1 31 1 1 1 
2 2 0 38 1 1 1 
2 33 1 16 1 1 1 
2 31 0 22 1 1 1 
2 25 0 37 1 1 1 
2 4 0 33 1 1 1 
2 40 0 13 1 1 1 
2 42 0 37 1 1 1 
2 43 0 21 1 1 1 
2 3 0 6 1 1 1 
2 35 0 16 1 1 1 
2 0 0 10 1 1 1 
2 13 0 35 1 1 1 
2 20 0 22 1 1 1 
2 30 0 4 1 1 1 
2 28 1 -3 1 1 1 
2 24 0 21 1 1 1 
2 7 0 33 1 1 1 
2 37 0 18 1 1 1 
2 25 0 29 1 1 1 
2 8 0 17 1 1 1 
2 13 0 32 1 1 1 
2 4 0 16 1 1 1 
2 19 0 13 1 1 1 
2 17 0 27 1 1 1 
2 24 0 34 1 1 1 
2 15 0 34 1 1 1 
2 17 1 -14 1 1 1 
2 23 0 17 1 1 1 
2 25 1 -6 1 1 1 
2 20 0 24 1 1 1 
2 21 0 35 1 1 1 
2 38 0 33 1 1 1 
2 1 0 24 1 1 1 
2 39 0 19 1 1 1 
2 14 0 22 1 1 1 
2 16 0 32 1 1 1 
2 16 0 16 1 1 1 
2 23 0 14 1 1 1 
2 1 0 32 1 1 1 
2 4 0 20 1 1 1 
2 33 0 6 1 1 1 
2 38 0 20 1 1 1 
2 36 0 10 1 1 1 
2 22 0 13 1 1 1 
2 15 0 7 1 1 1 
2 39 0 30 1 1 1 
2 11 0 9 1 1 1 
2 16 1 4 1 1 1 
2 38 0 14 1 1 1 
2 22 0 15 1 1 1 
2 41 0 29 1 1 1 
2 15 1 -3 1 1 1 
2 25 0 24 1 1 1 
2 28 0 4 1 1 1 
2 34 0 19 1 1 1 
2 24 0 10 1 1 1 
2 26 1 38 1 1 1 
2 1 0 4 1 1 1 
2 36 0 33 1 1 1 
2 34 0 13 1 1 1 
2 2 0 27 1 1 1 
2 28 1 38 1 1 1 
2 13 0 12 1 1 1 
2 21 0 38 1 1 1 
2 28 0 37 1 1 1 
2 4 0 13 1 1 1 
2 29 0 15 1 1 1 
2 34 0 9 1 1 1 
2 9 1 14 1 1 1 
2 9 0 4 1 1 1 
2 34 0 15 1 1 1 
2 0 0 29 1 1 1 
2 42 0 26 1 1 1 
2 21 0 34 1 1 1 
2 12 0 12 1 1 1 
2 6 0 27 1 1 1 
2 0 0 14 1 1 1 
2 31 0 31 1 1 1 
2 2 0 22 1 1 1 
2 17 0 6 1 1 1 
2 8 0 12 1 1 1 
2 44 0 12 1 1 1 
2 10 0 27 1 1 1 
2 26 0 15 1 1 1 
2 30 1 2 1 1 1 
2 15 0 32 1 1 1 
2 7 0 13 1 1 1 
2 39 0 31 1 1 1 
2 10 0 33 1 1 1 
2 24 0 11 1 1 1 
2 32 1 -4 1 1 1 
2 44 0 5 1 1 1 
2 7 1 -8 1 1 1 
2 41 0 28 1 1 1 
2 20 0 32 1 1 1 
2 5 0 15 1 1 1 
2 18 0 38 1 1 1 
2 40 0 8 1 1 1 
2 36 0 6 1 1 1 
2 42 0 29 1 1 1 
2 42 0 27 1 1 1 
2 17 0 37 1 1 1 
2 25 0 21 1 1 1 
2 31 0 34 1 1 1 
2 17 0 14 1 1 1 
2 6 0 37 1 1 1 
2 12 0 35 1 1 1 
2 29 0 27 1 1 1 
2 43 0 19 1 1 1 
2 16 0 29 1 1 1 
2 30 0 23 1 1 1 
2 13 0 7 1 1 1 
2 33 0 24 1 1 1 
2 27 0 9 1 1 1 
2 9 0 27 1 1 1 
2 33 1 6 1 1 1 
2 33 1 5 1 1 1 
2 33 1 7 1 1 1 
2 -1 1 13 1 1 1 
2 31 0 5 1 1 1 
2 43 0 13 1 1 1 
2 16 0 19 1 1 1 
2 5 0 25 1 1 1 
2 9 0 8 1 1 1 
2 10 0 21 1 1 1 
2 25 0 18 1 1 1 
2 19 0 19 1 1 1 
2 6 0 4 1 1 1 
2 9 1 28 1 1 1 
2 38 1 34 1 1 1 
2 5 0 19 1 1 1 
2 17 0 9 1 1 1 
2 41 0 12 1 1 1 
2 33 0 23 1 1 1 
2 30 0 31 1 1 1 
2 21 0 27 1 1 1 
2 8 0 27 1 1 1 
2 20 0 4 1 1 1 
2 20 0 35 1 1 1 
2 32 0 29 1 1 1 
2 35 0 25 1 1 1 
2 24 1 2 1 1 1 
2 28 0 36 1 1 1 
2 -13 1 10 1 1 1 
2 36 0 11 1 1 1 
2 37 0 22 1 1 1 
2 38 0 22 1 1 1 
2 1 0 21 1 1 1 
2 17 0 7 1 1 1 
2 0 0 37 1 1 1 
2 24 0 38 1 1 1 
2 43 0 38 1 1 1 
2 4 0 23 1 1 1 
2 19 0 26 1 1 1 
2 22 0 23 1 1 1 
2 16 0 17 1 1 1 
2 39 0 17 1 1 1 
2 20 0 30 1 1 1 
2 -14 1 11 1 1 1 
2 18 0 26 1 1 1 
2 23 0 35 1 1 1 
2 31 0 29 1 1 1 
2 39 0 10 1 1 1 
2 8 0 13 1 1 1 
2 9 0 17 1 1 1 
2 41 0 22 1 1 1 
2 32 1 3 1 1 1 
2 32 1 2 1 1 1 
2 33 1 2 1 1 1 
2 34 1 2 1 1 1 
2 35 1 2 1 1 1 
2 36 1 2 1 1 1 
2 37 1 2 1 1 1 
2 38 1 2 1 1 1 
2 38 1 3 1 1 1 
2 38 1 4 1 1 1 
2 37 1 4 1 1 1 
2 36 1 4 1 1 1 
2 32 1 4 1 1 1 
2 33 1 4 1 1 1 
2 34 1 4 1 1 1 
2 35 1 4 1 1 1 
2 44 0 15 1 1 1 
2 22 0 20 1 1 1 
2 32 0 35 1 1 1 
2 16 0 9 1 1 1 
2 3 0 31 1 1 1 
2 7 1 15 1 1 1 
2 4 1 -12 1 1 1 
2 37 0 15 1 1 1 
2 36 0 16 1 1 1 
2 33 0 19 1 1 1 
2 -6 1 20 1 1 1 
2 5 0 8 1 1 1 
2 31 0 8 1 1 1 
2 -4 1 14 1 1 1 
2 41 0 15 1 1 1 
2 25 0 20 1 1 1 
2 14 0 30 1 1 1 
2 0 0 8 1 1 1 
2 25 0 17 1 1 1 
2 32 0 28 1 1 1 
2 1 0 33 1 1 1 
2 26 0 16 1 1 1 
2 11 0 13 1 1 1 
2 34 0 33 1 1 1 
2 23 0 36 1 1 1 
2 11 0 17 1 1 1 
2 34 0 23 1 1 1 
2 19 0 5 1 1 1 
2 37 0 37 1 1 1 
2 17 1 -12 1 1 1 
2 35 1 33 1 1 1 
2 22 0 26 1 1 1 
2 18 0 32 1 1 1 
2 28 0 6 1 1 1 
2 3 0 23 1 1 1 
2 34 0 18 1 1 1 
2 40 0 32 1 1 1 
2 26 0 23 1 1 1 
2 35 0 23 1 1 1 
2 10 0 12 1 1 1 
2 23 0 18 1 1 1 
2 8 0 6 1 1 1 
2 15 0 29 1 1 1 
2 44 0 35 1 1 1 
2 1 0 17 1 1 1 
2 26 0 28 1 1 1 
2 13 0 24 1 1 1 
2 23 1 -10 1 1 1 
2 39 0 16 1 1 1 
2 16 0 10 1 1 1 
2 3 0 19 1 1 1 
2 22 0 17 1 1 1 
2 31 0 13 1 1 1 
2 30 0 27 1 1 1 
2 18 0 23 1 1 1 
2 6 0 18 1 1 1 
2 11 0 37 1 1 1 
2 1 0 5 1 1 1 
2 20 0 18 1 1 1 
2 38 1 29 1 1 1 
2 31 0 12 1 1 1 
2 28 0 18 1 1 1 
2 3 0 24 1 1 1 
2 27 0 22 1 1 1 
2 38 0 11 1 1 1 
2 24 0 30 1 1 1 
2 6 0 13 1 1 1 
2 -8 1 16 1 1 1 
2 29 0 13 1 1 1 
2 2 0 16 1 1 1 
2 9 0 7 1 1 1 
2 5 0 20 1 1 1 
2 39 0 27 1 1 1 
2 10 0 8 1 1 1 
2 17 0 10 1 1 1 
2 8 0 16 1 1 1 
2 12 0 21 1 1 1 
2 22 0 35 1 1 1 
2 9 0 34 1 1 1 
2 16 1 -6 1 1 1 
2 2 0 4 1 1 1 
2 43 0 8 1 1 1 
2 39 0 35 1 1 1 
2 34 0 36 1 1 1 
2 14 0 28 1 1 1 
2 21 0 31 1 1 1 
2 39 0 6 1 1 1 
2 30 0 18 1 1 1 
2 40 0 9 1 1 1 
2 16 0 4 1 1 1 
2 24 0 36 1 1 1 
2 14 0 14 1 1 1 
2 -2 1 -14 1 1 1 
2 26 0 22 1 1 1 
2 31 1 -14 1 1 1 
2 -4 1 -8 1 1 1 
2 39 0 25 1 1 1 
2 4 0 7 1 1 1 
2 -3 1 -1 1 1 1 
2 9 1 38 1 1 1 
2 2 0 10 1 1 1 
2 36 1 37 1 1 1 
2 36 1 38 1 1 1 
2 36 1 36 1 1 1 
2 34 0 21 1 1 1 
2 39 0 8 1 1 1 
2 33 1 28 1 1 1 
2 4 0 27 1 1 1 
2 21 1 24 1 1 1 
2 4 0 35 1 1 1 
2 32 0 19 1 1 1 
2 2 0 15 1 1 1 
2 27 0 27 1 1 1 
2 9 0 35 1 1 1 
2 7 0 15 1 1 1 
2 5 0 5 1 1 1 
2 33 0 35 1 1 1 
2 34 0 31 1 1 1 
2 19 0 38 1 1 1 
2 4 0 30 1 1 1 
2 5 0 32 1 1 1 
2 22 0 11 1 1 1 
2 40 0 33 1 1 1 
2 38 0 10 1 1 1 
2 3 0 34 1 1 1 
2 14 0 8 1 1 1 
2 23 0 26 1 1 1 
2 14 0 16 1 1 1 
2 12 0 7 1 1 1 
2 7 0 29 1 1 1 
2 37 0 35 1 1 1 
2 33 1 18 1 1 1 
2 38 1 8 1 1 1 
2 26 0 25 1 1 1 
2 13 0 29 1 1 1 
2 35 0 37 1 1 1 
2 30 1 23 1 1 1 
2 34 0 17 1 1 1 
2 40 0 19 1 1 1 
2 0 0 27 1 1 1 
6 23 1 39 1 1 1 2 ( 3 ) 
2 43 0 17 1 1 1 
2 4 0 11 1 1 1 
2 11 0 25 1 1 1 
2 26 1 2 1 1 1 
2 7 0 11 1 1 1 
2 41 0 9 1 1 1 
2 1 0 9 1 1 1 
2 11 0 32 1 1 1 
2 18 0 31 1 1 1 
2 37 0 34 1 1 1 
2 27 0 14 1 1 1 
2 28 0 17 1 1 1 
2 11 0 30 1 1 1 
2 2 0 37 1 1 1 
2 14 1 36 1 1 1 
2 14 1 35 1 1 1 
2 14 1 37 1 1 1 
2 18 0 20 1 1 1 
2 33 1 27 1 1 1 
2 38 1 38 1 1 1 
2 21 0 19 1 1 1 
2 0 0 21 1 1 1 
2 3 0 37 1 1 1 
2 43 0 36 1 1 1 
2 17 0 16 1 1 1 
2 15 0 26 1 1 1 
2 33 1 17 1 1 1 
2 7 0 6 1 1 1 
2 6 0 9 1 1 1 
2 38 0 27 1 1 1 
2 2 0 30 1 1 1 
2 29 0 29 1 1 1 
2 13 0 30 1 1 1 
2 7 0 22 1 1 1 
2 35 0 9 1 1 1 
2 33 1 23 1 1 1 
2 16 0 11 1 1 1 
2 25 0 15 1 1 1 
2 23 0 15 1 1 1 
2 27 0 10 1 1 1 
2 35 0 14 1 1 1 
2 21 0 37 1 1 1 
2 31 0 38 1 1 1 
2 21 0 10 1 1 1 
2 36 0 7 1 1 1 
2 33 0 5 1 1 1 
2 11 0 14 1 1 1 
3 25 2 7 1 1 1 1 
2 33 0 38 1 1 1 
2 43 0 5 1 1 1 
2 38 1 23 1 1 1 
2 12 0 15 1 1 1 
2 36 0 5 1 1 1 
2 19 0 17 1 1 1 
2 27 0 31 1 1 1 
2 42 0 9 1 1 1 
2 23 0 34 1 1 1 
2 9 0 30 1 1 1 
2 41 0 32 1 1 1 
2 33 0 10 1 1 1 
2 19 0 28 1 1 1 
2 44 0 6 1 1 1 
2 1 0 26 1 1 1 
2 25 0 25 1 1 1 
2 20 0 11 1 1 1 
2 41 0 13 1 1 1 
2 26 0 24 1 1 1 
2 6 0 38 1 1 1 
2 26 0 26 1 1 1 
2 40 0 34 1 1 1 
2 32 1 16 1 1 1 
2 31 1 16 1 1 1 
2 4 0 36 1 1 1 
2 42 0 17 1 1 1 
2 16 0 13 1 1 1 
2 33 0 37 1 1 1 
2 34 0 29 1 1 1 
2 42 0 31 1 1 1 
2 16 0 6 1 1 1 
2 30 0 11 1 1 1 
2 35 0 28 1 1 1 
2 17 0 33 1 1 1 
2 1 0 6 1 1 1 
2 43 0 20 1 1 1 
2 37 0 13 1 1 1 
2 6 0 35 1 1 1 
2 3 1 29 1 1 1 
2 -23 1 6 1 1 1 
2 37 0 14 1 1 1 
2 12 0 10 1 1 1 
2 43 0 14 1 1 1 
2 27 0 17 1 1 1 
2 4 0 21 1 1 1 
2 32 1 -12 1 1 1 
2 16 0 7 1 1 1 
2 12 0 29 1 1 1 
2 26 1 -19 1 1 1 
2 17 0 36 1 1 1 
2 40 0 6 1 1 1 
2 31 0 28 1 1 1 
2 37 0 27 1 1 1 
2 20 0 37 1 1 1 
2 44 0 14 1 1 1 
2 29 0 19 1 1 1 
2 19 0 36 1 1 1 
2 21 0 22 1 1 1 
2 44 0 4 1 1 1 
2 9 0 19 1 1 1 
2 4 0 19 1 1 1 
2 29 0 4 1 1 1 
2 20 1 19 1 1 1 
2 -17 1 9 1 1 1 
2 43 0 34 1 1 1 
2 32 0 25 1 1 1 
2 32 0 11 1 1 1 
2 1 0 18 1 1 1 
2 28 0 28 1 1 1 
2 41 0 33 1 1 1 
2 44 0 23 1 1 1 
2 20 0 9 1 1 1 
2 -1 1 -4 1 1 1 
2 16 0 33 1 1 1 
2 36 0 24 1 1 1 
2 -2 1 19 1 1 1 
2 -10 1 -9 1 1 1 
2 29 0 34 1 1 1 
2 39 0 22 1 1 1 
2 3 0 38 1 1 1 
2 11 0 29 1 1 1 
2 8 1 37 1 1 1 
2 28 0 11 1 1 1 
2 38 1 19 1 1 1 
2 0 0 7 1 1 1 
2 6 0 32 1 1 1 
2 21 0 33 1 1 1 
2 13 0 25 1 1 1 
2 5 0 10 1 1 1 
2 41 0 7 1 1 1 
2 18 1 -17 1 1 1 
2 28 0 12 1 1 1 
2 32 1 6 1 1 1 
2 30 0 8 1 1 1 
2 44 0 30 1 1 1 
2 24 0 31 1 1 1 
2 23 0 13 1 1 1 
2 20 0 27 1 1 1 
2 1 1 18 1 1 1 
2 27 0 15 1 1 1 
2 43 0 11 1 1 1 
2 20 0 6 1 1 1 
2 2 0 11 1 1 1 
2 39 0 15 1 1 1 
2 22 0 4 1 1 1 
2 8 0 21 1 1 1 
2 44 0 20 1 1 1 
2 35 0 21 1 1 1 
2 28 0 29 1 1 1 
2 20 0 21 1 1 1 
2 40 0 14 1 1 1 
2 31 0 7 1 1 1 
2 17 0 22 1 1 1 
2 29 0 5 1 1 1 
2 24 0 4 1 1 1 
2 40 0 37 1 1 1 
2 43 0 27 1 1 1 
2 30 0 34 1 1 1 
2 23 0 21 1 1 1 
2 4 0 24 1 1 1 
2 19 1 -7 1 1 1 
2 6 0 28 1 1 1 
2 35 0 26 1 1 1 
2 24 0 19 1 1 1 
2 10 0 15 1 1 1 
2 27 0 37 1 1 1 
2 11 0 8 1 1 1 
2 29 0 37 1 1 1 
2 2 0 25 1 1 1 
2 19 0 6 1 1 1 
2 22 0 29 1 1 1 
2 1 0 31 1 1 1 
2 -17 1 11 1 1 1 
2 0 0 18 1 1 1 
2 17 0 26 1 1 1 
2 30 0 38 1 1 1 
2 29 0 22 1 1 1 
2 29 0 9 1 1 1 
2 18 0 37 1 1 1 
2 24 0 22 1 1 1 
2 3 0 9 1 1 1 
2 26 0 5 1 1 1 
2 44 0 8 1 1 1 
2 37 1 8 1 1 1 
2 33 0 8 1 1 1 
2 17 0 11 1 1 1 
2 6 0 26 1 1 1 
2 22 0 37 1 1 1 
2 38 1 17 1 1 1 
2 28 0 25 1 1 1 
2 35 0 18 1 1 1 
2 18 0 5 1 1 1 
2 10 0 22 1 1 1 
2 14 0 5 1 1 1 
2 38 1 25 1 1 1 
2 26 0 6 1 1 1 
2 11 0 21 1 1 1 
2 8 0 14 1 1 1 
2 30 0 20 1 1 1 
2 26 0 34 1 1 1 
2 41 0 38 1 1 1 
2 14 0 36 1 1 1 
2 9 0 15 1 1 1 
2 39 0 38 1 1 1 
2 30 0 14 1 1 1 
2 35 0 7 1 1 1 
2 29 0 28 1 1 1 
2 44 0 19 1 1 1 
2 39 0 26 1 1 1 
2 38 0 12 1 1 1 
2 5 0 21 1 1 1 
2 39 0 7 1 1 1 
2 16 0 15 1 1 1 
2 8 0 36 1 1 1 
2 39 0 23 1 1 1 
2 11 0 34 1 1 1 
2 2 0 34 1 1 1 
2 -4 1 12 1 1 1 
2 23 0 20 1 1 1 
2 9 0 26 1 1 1 
2 12 0 32 1 1 1 
2 10 1 13 1 1 1 
2 13 0 36 1 1 1 
2 38 0 29 1 1 1 
2 28 0 34 1 1 1 
2 32 0 10 1 1 1 
2 20 0 14 1 1 1 
2 23 0 6 1 1 1 
15 24 1 12 1 1 1 0 ( 25 1 12 26 1 12 27 1 12 28 1 12 29 1 12 30 1 12 31 1 12 32 1 12 33 1 12 16 1 12 17 1 12 18 1 12 19 1 12 20 1 12 21 1 12 22 1 12 23 1 12 24 1 12 7 1 12 8 1 12 9 1 12 10 1 12 11 1 12 12 1 12 13 1 12 14 1 12 15 1 12 ) 
2 3 0 36 1 1 1 
2 26 0 21 1 1 1 
2 33 0 30 1 1 1 
2 23 1 -16 1 1 1 
2 27 0 8 1 1 1 
2 38 0 37 1 1 1 
2 35 0 22 1 1 1 
2 17 0 12 1 1 1 
2 2 0 31 1 1 1 
2 40 0 27 1 1 1 
2 7 0 20 1 1 1 
2 38 0 25 1 1 1 
2 39 0 28 1 1 1 
2 21 0 16 1 1 1 
2 22 1 2 1 1 1 
2 36 0 29 1 1 1 
2 41 0 5 1 1 1 
2 38 1 21 1 1 1 
2 36 0 35 1 1 1 
2 31 1 2 1 1 1 
2 22 0 30 1 1 1 
2 -4 1 -6 1 1 1 
2 41 0 34 1 1 1 
2 31 0 32 1 1 1 
2 14 0 32 1 1 1 
2 6 0 8 1 1 1 
2 3 0 13 1 1 1 
2 18 0 24 1 1 1 
2 35 0 30 1 1 1 
2 9 0 20 1 1 1 
2 3 0 26 1 1 1 
2 20 0 17 1 1 1 
2 22 0 8 1 1 1 
2 27 0 24 1 1 1 
2 26 1 -17 1 1 1 
2 33 1 24 1 1 1 
2 37 0 10 1 1 1 
2 17 0 8 1 1 1 
2 11 0 16 1 1 1 
2 24 0 29 1 1 1 
2 13 0 31 1 1 1 
2 26 0 33 1 1 1 
2 28 1 37 1 1 1 
2 10 0 14 1 1 1 
2 1 0 30 1 1 1 
2 35 0 13 1 1 1 
2 33 0 32 1 1 1 
2 2 1 15 1 1 1 
2 11 1 12 1 1 1 
2 38 0 38 1 1 1 
2 34 0 10 1 1 1 
3 23 1 7 1 1 1 0 
2 29 0 17 1 1 1 
2 26 0 8 1 1 1 
2 16 0 26 1 1 1 
2 41 0 36 1 1 1 
2 27 0 7 1 1 1 
2 0 0 38 1 1 1 
2 35 0 29 1 1 1 
2 24 0 23 1 1 1 
2 8 0 8 1 1 1 
2 30 1 22 1 1 1 
2 43 0 23 1 1 1 
2 5 0 23 1 1 1 
2 13 0 33 1 1 1 
2 38 0 4 1 1 1 
2 26 1 11 1 1 1 
2 30 0 12 1 1 1 
2 38 1 24 1 1 1 
2 35 0 5 1 1 1 
2 35 1 -5 1 1 1 
2 19 0 16 1 1 1 
2 3 0 16 1 1 1 
2 41 0 20 1 1 1 
2 29 0 14 1 1 1 
2 11 0 18 1 1 1 
2 7 0 26 1 1 1 
2 29 1 -6 1 1 1 
2 20 1 21 1 1 1 
2 8 0 9 1 1 1 
2 3 0 25 1 1 1 
2 9 0 9 1 1 1 
2 38 1 11 1 1 1 
2 30 0 32 1 1 1 
2 23 0 23 1 1 1 
2 18 0 15 1 1 1 
2 30 0 35 1 1 1 
2 22 0 32 1 1 1 
2 20 1 37 1 1 1 
2 20 1 38 1 1 1 
2 19 1 37 1 1 1 
2 19 1 38 1 1 1 
2 18 1 37 1 1 1 
2 18 1 38 1 1 1 
2 17 1 38 1 1 1 
2 17 1 37 1 1 1 
2 -2 1 8 1 1 1 
2 10 0 25 1 1 1 
2 23 0 24 1 1 1 
2 34 0 28 1 1 1 
2 28 0 26 1 1 1 
2 8 0 32 1 1 1 
2 22 1 -13 1 1 1 
2 24 0 35 1 1 1 
2 29 0 10 1 1 1 
2 37 0 31 1 1 1 
2 21 0 25 1 1 1 
2 29 0 33 1 1 1 
2 26 1 -5 1 1 1 
2 4 0 12 1 1 1 
2 4 1 27 1 1 1 
2 5 1 27 1 1 1 
2 6 1 27 1 1 1 
2 7 1 27 1 1 1 
2 8 1 27 1 1 1 
2 4 1 17 1 1 1 
2 5 1 17 1 1 1 
2 6 1 17 1 1 1 
2 7 1 17 1 1 1 
2 8 1 17 1 1 1 
2 9 1 27 1 1 1 
2 9 1 26 1 1 1 
2 9 1 25 1 1 1 
2 9 1 24 1 1 1 
2 9 1 23 1 1 1 
2 9 1 17 1 1 1 
2 9 1 18 1 1 1 
2 9 1 19 1 1 1 
2 9 1 20 1 1 1 
2 9 1 21 1 1 1 
2 9 1 22 1 1 1 
2 -10 1 1 1 1 1 
2 33 0 34 1 1 1 
2 21 0 12 1 1 1 
2 15 0 35 1 1 1 
2 -5 1 17 1 1 1 
2 7 0 10 1 1 1 
2 35 0 11 1 1 1 
2 32 0 36 1 1 1 
2 15 0 18 1 1 1 
2 3 0 30 1 1 1 
2 -4 1 -6 1 1 1 
2 9 1 16 1 1 1 
2 31 0 25 1 1 1 
2 1 0 7 1 1 1 
2 35 0 12 1 1 1 
2 44 0 18 1 1 1 
2 10 0 38 1 1 1 
2 27 1 -22 1 1 1 
2 15 0 16 1 1 1 
2 18 0 9 1 1 1 
2 35 0 32 1 1 1 
2 22 0 31 1 1 1 
2 -8 1 -2 1 1 1 
2 -5 1 -16 1 1 1 
2 17 0 5 1 1 1 
2 18 0 36 1 1 1 
2 9 0 13 1 1 1 
2 18 0 7 1 1 1 
2 12 0 14 1 1 1 
2 6 1 -13 1 1 1 
2 12 0 26 1 1 1 
2 22 0 19 1 1 1 
2 2 0 35 1 1 1 
2 30 0 6 1 1 1 
2 -21 1 13 1 1 1 
2 29 1 -15 1 1 1 
2 5 0 14 1 1 1 
2 27 0 20 1 1 1 
2 26 0 20 1 1 1 
2 38 0 18 1 1 1 
2 8 1 14 1 1 1 
2 25 0 31 1 1 1 
2 44 0 36 1 1 1 
2 7 0 37 1 1 1 
2 9 1 35 1 1 1 
2 31 0 27 1 1 1 
2 10 0 4 1 1 1 
2 43 0 37 1 1 1 
2 28 0 21 1 1 1 
2 24 1 -24 1 1 1 
2 41 0 19 1 1 1 
2 19 0 23 1 1 1 
2 27 1 2 1 1 1 
2 5 0 18 1 1 1 
2 -22 1 18 1 1 1 
2 25 0 34 1 1 1 
2 0 0 28 1 1 1 
2 40 0 31 1 1 1 
2 36 0 23 1 1 1 
2 12 1 11 1 1 1 
2 0 0 32 1 1 1 
2 9 0 33 1 1 1 
2 23 0 12 1 1 1 
2 26 0 27 1 1 1 
2 0 0 9 1 1 1 
2 19 0 27 1 1 1 
2 18 0 19 1 1 1 
2 28 1 -25 1 1 1 
2 31 0 20 1 1 1 
2 39 0 24 1 1 1 
2 32 0 8 1 1 1 
2 -13 1 8 1 1 1 
2 40 0 36 1 1 1 
2 13 0 5 1 1 1 
2 22 0 18 1 1 1 
2 13 0 18 1 1 1 
2 32 0 32 1 1 1 
2 36 0 12 1 1 1 
2 -7 1 1 1 1 1 
2 12 1 -7 1 1 1 
2 40 0 17 1 1 1 
2 38 1 22 1 1 1 
2 9 0 18 1 1 1 
2 -5 1 17 1 1 1 
2 4 0 5 1 1 1 
2 41 0 24 1 1 1 
2 -15 1 16 1 1 1 
2 7 0 18 1 1 1 
2 33 1 9 1 1 1 
2 33 1 8 1 1 1 
2 33 1 10 1 1 1 
2 30 0 33 1 1 1 
2 1 0 36 1 1 1 
2 24 0 25 1 1 1 
2 13 0 8 1 1 1 
2 1 0 23 1 1 1 
2 -6 1 -2 1 1 1 
2 30 0 29 1 1 1 
2 -7 1 -5 1 1 1 
2 6 1 0 1 1 1 
4 21 1 39 1 1 1 3 ( 2 ) 
2 38 1 33 1 1 1 
2 38 1 14 1 1 1 
2 8 0 35 1 1 1 
2 11 1 -17 1 1 1 
2 14 0 11 1 1 1 
2 7 0 21 1 1 1 
2 20 0 16 1 1 1 
2 15 0 15 1 1 1 
2 -1 1 3 1 1 1 
2 16 0 24 1 1 1 
2 32 0 24 1 1 1 
2 37 0 11 1 1 1 
2 19 1 2 1 1 1 
2 -16 1 19 1 1 1 
2 25 0 38 1 1 1 
2 36 0 13 1 1 1 
2 23 0 32 1 1 1 
2 1 0 22 1 1 1 
2 7 0 24 1 1 1 
2 23 0 27 1 1 1 
2 10 0 32 1 1 1 
2 39 0 13 1 1 1 
2 -10 1 9 1 1 1 
2 17 0 19 1 1 1 
2 6 0 24 1 1 1 
2 19 0 12 1 1 1 
2 23 0 7 1 1 1 
2 6 0 10 1 1 1 
2 26 1 -7 1 1 1 
2 37 0 4 1 1 1 
2 27 0 12 1 1 1 
2 30 0 22 1 1 1 
2 39 0 32 1 1 1 
2 31 0 16 1 1 1 
2 35 0 31 1 1 1 
2 0 0 16 1 1 1 
2 10 0 30 1 1 1 
2 5 1 29 1 1 1 
2 16 0 36 1 1 1 
2 38 0 19 1 1 1 
2 30 0 10 1 1 1 
2 27 0 25 1 1 1 
2 30 1 -20 1 1 1 
2 -19 1 20 1 1 1 
2 24 0 26 1 1 1 
2 11 0 38 1 1 1 
2 32 0 15 1 1 1 
2 16 0 23 1 1 1 
2 2 1 -5 1 1 1 
2 7 0 16 1 1 1 
2 4 0 38 1 1 1 
2 11 0 10 1 1 1 
2 12 0 24 1 1 1 
2 33 0 18 1 1 1 
2 13 0 13 1 1 1 
2 16 1 5 1 1 1 
2 4 0 28 1 1 1 
2 2 0 18 1 1 1 
2 28 0 27 1 1 1 
2 4 0 14 1 1 1 
2 19 0 33 1 1 1 
2 5 1 6 1 1 1 
2 -2 1 7 1 1 1 
2 20 1 -12 1 1 1 
2 1 0 10 1 1 1 
2 11 0 19 1 1 1 
2 19 0 11 1 1 1 
2 3 0 22 1 1 1 
2 38 0 34 1 1 1 
2 5 0 16 1 1 1 
2 25 0 5 1 1 1 
2 30 0 16 1 1 1 
2 31 0 33 1 1 1 
2 1 0 14 1 1 1 
2 11 0 33 1 1 1 
2 16 0 34 1 1 1 
2 6 0 21 1 1 1 
2 25 0 19 1 1 1 
2 37 0 5 1 1 1 
2 33 0 22 1 1 1 
2 18 0 35 1 1 1 
2 0 1 -15 1 1 1 
2 3 0 11 1 1 1 
2 37 0 20 1 1 1 
2 -4 1 2 1 1 1 
2 15 0 24 1 1 1 
2 25 0 27 1 1 1 
2 29 0 8 1 1 1 
2 16 0 31 1 1 1 
2 28 0 32 1 1 1 
2 32 0 22 1 1 1 
2 43 0 6 1 1 1 
2 29 1 -23 1 1 1 
2 8 0 28 1 1 1 
2 16 0 20 1 1 1 
2 33 1 -19 1 1 1 
2 4 0 4 1 1 1 
2 8 0 22 1 1 1 
2 3 0 10 1 1 1 
2 37 0 28 1 1 1 
2 2 1 34 1 1 1 
2 40 0 25 1 1 1 
2 35 0 33 1 1 1 
2 7 0 23 1 1 1 
2 25 0 36 1 1 1 
2 14 0 4 1 1 1 
2 42 0 14 1 1 1 
2 12 1 -5 1 1 1 
2 0 0 22 1 1 1 
2 32 0 38 1 1 1 
2 28 0 8 1 1 1 
2 25 0 33 1 1 1 
2 17 0 29 1 1 1 
2 32 0 18 1 1 1 
2 42 0 18 1 1 1 
2 2 1 7 1 1 1 
2 -5 1 0 1 1 1 
2 25 0 7 1 1 1 
2 17 0 30 1 1 1 
2 29 1 22 1 1 1 
2 22 0 36 1 1 1 
2 36 0 21 1 1 1 
2 14 0 10 1 1 1 
2 38 1 16 1 1 1 
2 38 0 15 1 1 1 
2 10 0 11 1 1 1 
2 27 1 -11 1 1 1 
2 3 1 -9 1 1 1 
2 20 0 13 1 1 1 
2 38 1 20 1 1 1 
2 33 1 14 1 1 1 
2 40 0 23 1 1 1 
2 6 0 30 1 1 1 
2 14 0 24 1 1 1 
2 3 0 8 1 1 1 
2 37 0 9 1 1 1 
2 29 0 35 1 1 1 
2 42 0 8 1 1 1 
2 2 1 1 1 1 1 
2 44 0 33 1 1 1 
2 20 0 29 1 1 1 
2 34 0 25 1 1 1 
2 15 0 31 1 1 1 
2 15 0 5 1 1 1 
2 38 1 18 1 1 1 
2 42 0 6 1 1 1 
2 29 0 16 1 1 1 
2 7 0 4 1 1 1 
2 12 0 4 1 1 1 
2 27 0 19 1 1 1 
2 28 1 35 1 1 1 
2 37 0 21 1 1 1 
2 18 0 8 1 1 1 
2 27 0 34 1 1 1 
2 24 0 5 1 1 1 
2 44 0 32 1 1 1 
2 9 0 22 1 1 1 
2 8 1 13 1 1 1 
2 5 0 11 1 1 1 
2 32 0 26 1 1 1 
2 5 0 22 1 1 1 
2 31 0 30 1 1 1 
2 38 1 28 1 1 1 
2 23 0 19 1 1 1 
2 8 1 16 1 1 1 
2 31 0 19 1 1 1 
2 6 0 25 1 1 1 
2 14 1 8 1 1 1 
2 22 0 7 1 1 1 
2 2 0 9 1 1 1 
2 28 1 2 1 1 1 
2 43 0 7 1 1 1 
2 9 0 16 1 1 1 
2 38 1 15 1 1 1 
2 12 0 22 1 1 1 
2 7 0 35 1 1 1 
2 5 0 35 1 1 1 
2 -6 1 -11 1 1 1 
2 7 0 28 1 1 1 
2 10 0 28 1 1 1 
2 39 0 14 1 1 1 
2 36 0 17 1 1 1 
2 12 1 10 1 1 1 
2 37 0 33 1 1 1 
2 19 0 7 1 1 1 
2 38 0 21 1 1 1 
2 27 0 26 1 1 1 
2 19 0 10 1 1 1 
2 21 0 18 1 1 1 
2 22 0 6 1 1 1 
2 40 0 12 1 1 1 
2 -9 1 17 1 1 1 
2 5 0 12 1 1 1 
2 32 0 4 1 1 1 
2 36 0 14 1 1 1 
2 19 0 21 1 1 1 
2 20 0 38 1 1 1 
2 32 0 37 1 1 1 
2 38 1 31 1 1 1 
2 38 0 7 1 1 1 
2 21 0 26 1 1 1 
2 35 0 15 1 1 1 
2 9 0 12 1 1 1 
2 43 0 32 1 1 1 
2 34 0 16 1 1 1 
2 39 0 36 1 1 1 
2 36 0 30 1 1 1 
2 5 0 17 1 1 1 
2 10 0 5 1 1 1 
2 25 0 9 1 1 1 
2 22 0 10 1 1 1 
2 2 0 17 1 1 1 
2 33 0 20 1 1 1 
2 29 0 24 1 1 1 
2 36 0 32 1 1 1 
2 14 0 37 1 1 1 
2 42 0 23 1 1 1 
2 15 0 28 1 1 1 
2 43 0 4 1 1 1 
2 20 0 33 1 1 1 
2 12 0 33 1 1 1 
2 23 0 25 1 1 1 
2 21 0 20 1 1 1 
2 41 0 14 1 1 1 
2 40 0 24 1 1 1 
2 38 1 32 1 1 1 
2 17 0 18 1 1 1 
2 16 0 12 1 1 1 
2 26 1 33 1 1 1 
2 43 0 22 1 1 1 
2 35 1 29 1 1 1 
2 36 1 29 1 1 1 
2 34 1 29 1 1 1 
2 0 0 33 1 1 1 
2 4 0 31 1 1 1 
2 43 0 35 1 1 1 
2 4 0 17 1 1 1 
2 24 0 37 1 1 1 
2 22 0 16 1 1 1 
2 3 0 18 1 1 1 
2 18 0 12 1 1 1 
2 24 0 33 1 1 1 
2 1 0 37 1 1 1 
2 14 0 19 1 1 1 
2 0 1 -7 1 1 1 
2 26 0 4 1 1 1 
2 12 0 23 1 1 1 
2 21 0 13 1 1 1 
2 17 0 35 1 1 1 
2 30 1 -9 1 1 1 
2 15 0 4 1 1 1 
2 18 0 14 1 1 1 
2 29 0 25 1 1 1 
2 9 0 32 1 1 1 
2 36 0 15 1 1 1 
2 15 0 33 1 1 1 
2 42 0 22 1 1 1 
2 4 0 25 1 1 1 
2 7 0 5 1 1 1 
2 20 0 5 1 1 1 
2 41 0 25 1 1 1 
2 23 0 37 1 1 1 
2 32 0 23 1 1 1 
2 37 0 30 1 1 1 
2 21 1 -15 1 1 1 
2 26 0 7 1 1 1 
2 14 0 20 1 1 1 
2 -20 1 5 1 1 1 
2 4 0 34 1 1 1 
2 19 1 16 1 1 1 
2 12 0 17 1 1 1 
2 30 0 26 1 1 1 
2 6 0 7 1 1 1 
2 25 0 10 1 1 1 
2 9 0 37 1 1 1 
2 18 0 4 1 1 1 
2 25 0 22 1 1 1 
2 7 0 12 1 1 1 
2 3 0 35 1 1 1 
2 42 0 24 1 1 1 
2 42 0 7 1 1 1 
2 10 0 16 1 1 1 
2 23 0 5 1 1 1 
2 31 0 4 1 1 1 
2 25 0 8 1 1 1 
2 0 0 20 1 1 1 
2 42 0 12 1 1 1 
2 3 1 -4 1 1 1 
2 40 0 15 1 1 1 
2 23 0 16 1 1 1 
2 1 0 15 1 1 1 
2 8 0 18 1 1 1 
2 -10 1 -1 1 1 1 
2 8 0 25 1 1 1 
2 10 0 9 1 1 1 
2 20 0 34 1 1 1 
2 18 1 -4 1 1 1 
2 19 0 4 1 1 1 
2 24 0 15 1 1 1 
2 20 1 18 1 1 1 
2 43 0 24 1 1 1 
2 0 0 19 1 1 1 
2 0 0 26 1 1 1 
2 9 1 31 1 1 1 
2 -11 1 13 1 1 1 
2 44 0 16 1 1 1 
2 39 0 21 1 1 1 
2 6 0 16 1 1 1 
2 16 0 18 1 1 1 
2 37 0 6 1 1 1 
2 7 0 30 1 1 1 
2 23 0 8 1 1 1 
2 33 1 12 1 1 1 
2 33 1 11 1 1 1 
2 33 1 13 1 1 1 
2 0 0 12 1 1 1 
2 10 0 17 1 1 1 
2 10 0 19 1 1 1 
2 34 0 24 1 1 1 
2 24 0 17 1 1 1 
2 13 0 6 1 1 1 
2 4 0 10 1 1 1 
2 7 0 38 1 1 1 
2 43 0 25 1 1 1 
2 23 1 2 1 1 1 
2 22 0 34 1 1 1 
2 19 0 35 1 1 1 
2 42 0 32 1 1 1 
2 20 0 7 1 1 1 
2 0 0 24 1 1 1 
2 10 1 26 1 1 1 
2 -3 1 -9 1 1 1 
2 5 0 7 1 1 1 
2 24 0 32 1 1 1 
2 18 0 13 1 1 1 
2 22 0 12 1 1 1 
2 14 0 23 1 1 1 
2 0 0 30 1 1 1 
2 7 0 7 1 1 1 
2 26 0 11 1 1 1 
2 36 0 38 1 1 1 
2 11 0 4 1 1 1 
2 10 0 23 1 1 1 
2 26 1 37 1 1 1 
2 1 0 25 1 1 1 
2 25 0 12 1 1 1 
2 8 0 5 1 1 1 
2 8 0 31 1 1 1 
2 38 1 10 1 1 1 
2 40 0 4 1 1 1 
2 31 0 26 1 1 1 
2 2 0 8 1 1 1 
2 41 0 31 1 1 1 
2 36 0 25 1 1 1 
2 37 0 32 1 1 1 
2 38 0 6 1 1 1 
2 33 0 16 1 1 1 
2 15 0 20 1 1 1 
2 5 0 37 1 1 1 
2 17 0 23 1 1 1 
2 7 0 36 1 1 1 
2 3 0 20 1 1 1 
2 13 1 -15 1 1 1 
2 10 1 13 1 1 1 
2 40 0 29 1 1 1 
2 8 0 34 1 1 1 
2 35 0 27 1 1 1 
2 38 0 9 1 1 1 
2 3 0 5 1 1 1 
2 23 0 28 1 1 1 
2 19 1 -7 1 1 1 
2 11 0 23 1 1 1 
2 17 0 17 1 1 1 
2 4 0 8 1 1 1 
2 -23 1 4 1 1 1 
2 6 0 22 1 1 1 
2 37 0 29 1 1 1 
2 44 0 22 1 1 1 
2 7 1 -16 1 1 1 
2 9 0 29 1 1 1 
2 14 0 15 1 1 1 
2 22 0 25 1 1 1 
2 15 1 -11 1 1 1 
2 3 0 17 1 1 1 
2 1 0 19 1 1 1 
2 9 0 31 1 1 1 
2 0 0 11 1 1 1 
2 9 0 11 1 1 1 
2 27 0 4 1 1 1 
2 2 0 28 1 1 1 
2 21 0 4 1 1 1 
2 38 1 13 1 1 1 
2 36 0 28 1 1 1 
2 26 1 -17 1 1 1 
2 40 0 26 1 1 1 
2 13 0 19 1 1 1 
2 29 0 12 1 1 1 
2 26 0 35 1 1 1 
2 5 0 34 1 1 1 
2 25 0 28 1 1 1 
2 35 0 8 1 1 1 
2 21 0 30 1 1 1 
2 40 0 18 1 1 1 
2 -12 1 18 1 1 1 
2 26 0 18 1 1 1 
2 14 0 33 1 1 1 
2 28 0 38 1 1 1 
2 25 0 35 1 1 1 
2 10 0 34 1 1 1 
2 27 0 16 1 1 1 
2 14 0 29 1 1 1 
2 16 0 30 1 1 1 
2 1 0 20 1 1 1 
2 27 0 18 1 1 1 
2 0 0 17 1 1 1 
2 33 0 13 1 1 1 
2 25 0 30 1 1 1 
2 36 0 26 1 1 1 
2 20 0 25 1 1 1 
2 39 0 34 1 1 1 
2 35 0 17 1 1 1 
2 12 0 31 1 1 1 
2 29 0 31 1 1 1 
2 29 0 18 1 1 1 
2 23 0 11 1 1 1 
2 38 0 26 1 1 1 
2 17 0 25 1 1 1 
2 11 0 12 1 1 1 
2 33 0 25 1 1 1 
2 0 0 23 1 1 1 
2 19 0 24 1 1 1 
2 37 0 12 1 1 1 
2 34 0 35 1 1 1 
2 22 0 21 1 1 1 
2 22 0 28 1 1 1 
2 28 0 30 1 1 1 
2 2 0 6 1 1 1 
2 26 0 29 1 1 1 
2 37 0 17 1 1 1 
2 44 0 26 1 1 1 
2 43 0 26 1 1 1 
2 23 1 -11 1 1 1 
2 17 0 32 1 1 1 
2 1 0 16 1 1 1 
2 27 0 38 1 1 1 
2 10 0 24 1 1 1 
2 4 0 26 1 1 1 
2 37 0 36 1 1 1 
2 41 0 27 1 1 1 
2 25 0 23 1 1 1 
2 33 1 21 1 1 1 
2 9 1 30 1 1 1 
2 2 0 36 1 1 1 
2 2 1 -13 1 1 1 
2 1 0 27 1 1 1 
2 13 0 15 1 1 1 
2 20 1 20 1 1 1 
2 32 0 17 1 1 1 
2 42 0 35 1 1 1 
2 0 0 34 1 1 1 
2 18 0 22 1 1 1 
2 19 0 34 1 1 1 
2 13 0 38 1 1 1 
2 32 0 16 1 1 1 
2 1 1 10 1 1 1 
2 17 0 15 1 1 1 
2 8 0 10 1 1 1 
2 21 0 23 1 1 1 
2 23 0 29 1 1 1 
2 15 0 22 1 1 1 
2 33 0 7 1 1 1 
2 23 0 10 1 1 1 
2 21 0 17 1 1 1 
2 11 0 31 1 1 1 
2 36 0 18 1 1 1 
2 43 0 10 1 1 1 
2 5 0 36 1 1 1 
2 40 0 7 1 1 1 
2 6 1 -2 1 1 1 
2 9 1 37 1 1 1 
2 27 0 5 1 1 1 
2 13 0 10 1 1 1 
2 26 0 12 1 1 1 
2 38 0 8 1 1 1 
2 12 0 5 1 1 1 
2 21 0 6 1 1 1 
2 29 1 2 1 1 1 
2 40 0 11 1 1 1 
2 25 0 6 1 1 1 
2 20 1 2 1 1 1 
2 4 0 22 1 1 1 
2 15 0 21 1 1 1 
2 5 0 33 1 1 1 
2 32 0 5 1 1 1 
2 2 0 26 1 1 1 
2 9 0 28 1 1 1 
2 40 0 21 1 1 1 
2 33 0 11 1 1 1 
2 18 0 17 1 1 1 
2 31 0 9 1 1 1 
2 28 0 9 1 1 1 
2 32 0 13 1 1 1 
2 22 0 24 1 1 1 
2 37 0 8 1 1 1 
2 8 0 26 1 1 1 
2 33 1 15 1 1 1 
2 8 0 29 1 1 1 
2 19 0 8 1 1 1 
2 28 0 7 1 1 1 
2 33 0 29 1 1 1 
2 24 0 28 1 1 1 
2 35 0 10 1 1 1 
2 32 0 31 1 1 1 
2 16 0 21 1 1 1 
2 0 0 13 1 1 1 
2 28 0 14 1 1 1 
2 36 0 31 1 1 1 
2 26 0 10 1 1 1 
2 38 1 12 1 1 1 
2 27 0 35 1 1 1 
2 40 0 10 1 1 1 
2 31 0 21 1 1 1 
2 40 0 5 1 1 1 
2 34 0 20 1 1 1 
2 6 0 23 1 1 1 
2 38 0 32 1 1 1 
2 13 0 21 1 1 1 
2 41 0 6 1 1 1 
2 2 0 12 1 1 1 
2 37 0 26 1 1 1 
2 40 0 20 1 1 1 
2 16 0 8 1 1 1 
2 27 0 36 1 1 1 
2 12 0 16 1 1 1 
2 14 1 -18 1 1 1 
2 31 0 23 1 1 1 
2 29 0 7 1 1 1 
2 11 0 24 1 1 1 
2 38 1 27 1 1 1 
2 15 0 13 1 1 1 
2 36 0 4 1 1 1 
2 12 0 6 1 1 1 
2 16 0 37 1 1 1 
2 0 0 36 1 1 1 
2 7 0 34 1 1 1 
2 44 0 21 1 1 1 
2 36 0 34 1 1 1 
2 27 0 28 1 1 1 
2 41 0 21 1 1 1 
2 25 0 32 1 1 1 
2 32 0 6 1 1 1 
2 9 0 23 1 1 1 
2 28 0 33 1 1 1 
2 11 0 35 1 1 1 
2 18 0 33 1 1 1 
2 -15 1 16 1 1 1 
2 43 0 29 1 1 1 
2 8 0 20 1 1 1 
2 43 0 28 1 1 1 
2 1 0 11 1 1 1 
2 42 0 20 1 1 1 
2 18 0 16 1 1 1 
2 35 0 34 1 1 1 
2 36 0 36 1 1 1 
2 37 0 25 1 1 1 
2 35 0 4 1 1 1 
2 24 0 14 1 1 1 
2 13 1 9 1 1 1 
2 4 0 6 1 1 1 
2 36 0 22 1 1 1 
2 5 0 31 1 1 1 
2 42 0 5 1 1 1 
2 13 0 9 1 1 1 
2 10 0 6 1 1 1 
2 3 0 7 1 1 1 
2 3 0 27 1 1 1 
2 26 0 19 1 1 1 
2 10 0 36 1 1 1 
2 12 0 18 1 1 1 
2 27 0 30 1 1 1 
2 34 0 4 1 1 1 
2 -11 1 -4 1 1 1 
2 0 0 4 1 1 1 
2 33 0 17 1 1 1 
2 21 0 21 1 1 1 
2 27 0 29 1 1 1 
2 7 0 14 1 1 1 
2 34 0 5 1 1 1 
2 -8 1 -10 1 1 1 
2 24 0 6 1 1 1 
2 15 0 38 1 1 1 
2 18 0 29 1 1 1 
2 33 1 -10 1 1 1 
2 13 0 20 1 1 1 
2 24 0 27 1 1 1 
2 0 0 6 1 1 1 
2 23 0 31 1 1 1 
2 37 0 7 1 1 1 
2 6 0 14 1 1 1 
2 -3 1 -11 1 1 1 
2 19 1 -9 1 1 1 
2 -14 1 13 1 1 1 
2 2 0 33 1 1 1 
2 6 0 15 1 1 1 
2 34 0 26 1 1 1 
2 5 0 4 1 1 1 
2 39 0 29 1 1 1 
2 5 1 35 1 1 1 
2 3 0 32 1 1 1 
2 39 0 12 1 1 1 
2 44 0 28 1 1 1 
2 38 1 36 1 1 1 
2 28 0 10 1 1 1 
2 25 0 26 1 1 1 
2 42 0 13 1 1 1 
2 41 0 35 1 1 1 
2 0 1 -9 1 1 1 
2 44 0 38 1 1 1 
2 4 1 9 1 1 1 
2 32 0 27 1 1 1 
2 36 0 9 1 1 1 
2 21 0 5 1 1 1 
2 10 0 10 1 1 1 
2 8 1 2 1 1 1 
2 6 0 12 1 1 1 
2 33 0 31 1 1 1 
2 11 0 28 1 1 1 
2 8 0 33 1 1 1 
2 28 0 5 1 1 1 
2 32 0 14 1 1 1 
2 -1 1 14 1 1 1 
2 17 0 24 1 1 1 
2 9 1 34 1 1 1 
2 32 0 33 1 1 1 
2 0 0 31 1 1 1 
2 41 0 26 1 1 1 
2 15 0 17 1 1 1 
2 4 0 15 1 1 1 
2 23 0 33 1 1 1 
2 20 0 31 1 1 1 
2 33 0 28 1 1 1 
2 -2 1 6 1 1 1 
2 11 0 7 1 1 1 
2 0 0 25 1 1 1 
2 5 0 9 1 1 1 
2 19 0 14 1 1 1 
2 34 0 38 1 1 1 
2 28 1 1 1 1 1 
2 44 0 24 1 1 1 
2 31 1 -24 1 1 1 
2 12 0 19 1 1 1 
2 18 0 25 1 1 1 
2 15 0 27 1 1 1 
2 34 0 30 1 1 1 
2 14 0 9 1 1 1 
2 11 0 26 1 1 1 
2 38 0 35 1 1 1 
2 34 0 27 1 1 1 
2 41 0 16 1 1 1 
2 30 0 17 1 1 1 
2 10 0 18 1 1 1 
2 18 1 2 1 1 1 
2 5 0 27 1 1 1 
2 13 0 14 1 1 1 
2 10 0 13 1 1 1 
2 7 0 27 1 1 1 
2 12 0 36 1 1 1 
2 12 0 20 1 1 1 
2 5 0 6 1 1 1 
2 40 0 35 1 1 1 
2 2 0 7 1 1 1 
2 10 0 31 1 1 1 
2 39 0 20 1 1 1 
2 7 0 17 1 1 1 
2 38 0 16 1 1 1 
2 13 0 28 1 1 1 
2 18 0 11 1 1 1 
2 16 0 14 1 1 1 
2 30 1 -11 1 1 1 
2 43 0 33 1 1 1 
2 18 0 30 1 1 1 
2 34 0 14 1 1 1 
2 38 1 37 1 1 1 
2 6 0 36 1 1 1 
2 18 0 27 1 1 1 
2 13 0 4 1 1 1 
2 44 0 25 1 1 1 
2 39 0 5 1 1 1 
2 6 0 11 1 1 1 
2 23 1 -8 1 1 1 
2 42 0 16 1 1 1 
2 9 0 38 1 1 1 
2 33 0 15 1 1 1 
2 20 0 20 1 1 1 
2 24 0 20 1 1 1 
2 24 0 9 1 1 1 
2 9 0 24 1 1 1 
2 31 0 6 1 1 1 
2 30 0 21 1 1 1 
2 12 0 8 1 1 1 
2 38 0 28 1 1 1 
2 27 1 2 1 1 1 
2 18 0 34 1 1 1 
2 44 0 11 1 1 1 
2 31 0 18 1 1 1 
2 35 0 35 1 1 1 
2 9 1 33 1 1 1 
2 29 0 21 1 1 1 
2 8 0 37 1 1 1 
2 25 0 13 1 1 1 
2 16 0 27 1 1 1 
2 19 0 30 1 1 1 
2 32 0 20 1 1 1 
2 16 1 29 1 1 1 
2 17 1 29 1 1 1 
2 15 1 29 1 1 1 
2 39 0 33 1 1 1 
2 6 0 17 1 1 1 
2 2 0 29 1 1 1 
2 43 0 15 1 1 1 
2 12 0 9 1 1 1 
2 33 1 22 1 1 1 
2 1 0 34 1 1 1 
2 5 1 3 1 1 1 
2 13 0 16 1 1 1 
2 30 0 15 1 1 1 
2 28 0 35 1 1 1 
2 5 0 38 1 1 1 
2 14 1 38 1 1 1 
2 6 0 6 1 1 1 
2 44 0 13 1 1 1 
2 26 0 38 1 1 1 
2 2 0 24 1 1 1 
2 29 0 26 1 1 1 
2 41 0 8 1 1 1 
2 10 0 7 1 1 1 
2 38 0 13 1 1 1 
2 20 0 26 1 1 1 
2 42 0 28 1 1 1 
2 25 0 14 1 1 1 
2 21 0 14 1 1 1 
2 11 0 15 1 1 1 
2 36 1 34 1 1 1 
2 36 1 35 1 1 1 
2 36 1 33 1 1 1 
2 15 0 11 1 1 1 
2 33 0 14 1 1 1 
2 35 0 38 1 1 1 
2 18 0 18 1 1 1 
2 10 0 37 1 1 1 
2 21 0 36 1 1 1 
2 30 0 5 1 1 1 
2 9 1 -6 1 1 1 
2 -4 1 3 1 1 1 
2 32 1 -16 1 1 1 
2 24 0 8 1 1 1 
2 36 1 31 1 1 1 
2 36 1 32 1 1 1 
2 36 1 30 1 1 1 
2 4 0 32 1 1 1 
