2 3 9 13 1 1 1 
12 3 9 13 1 1 1 51 ( 9 ) 
12 27 5 13 1 1 1 50 ( 9 ) 
2 27 5 13 1 1 1 
2 11 0 1 1 1 1 
2 7 11 13 1 1 1 
2 17 1 13 1 1 1 
2 15 8 13 1 1 1 
2 21 1 0 1 1 1 
2 13 0 7 1 1 1 
9 12 0 11 1 1 1 34 ( 12 0 11 12 4 11 12 8 11 ) 
9 11 0 11 1 1 1 32 ( 11 0 11 11 4 11 11 8 11 ) 
9 10 0 11 1 1 1 30 ( 10 0 11 10 4 11 10 8 11 ) 
9 10 0 12 1 1 1 28 ( 10 0 12 10 4 12 10 8 12 ) 
9 12 0 12 1 1 1 26 ( 12 0 12 12 4 12 12 8 12 ) 
9 11 0 12 1 1 1 24 ( 11 0 11 11 4 11 11 8 11 ) 
2 4 8 11 1 1 1 
2 15 9 13 1 1 1 
2 26 9 10 1 1 1 
2 24 5 13 1 1 1 
2 2 0 3 1 1 1 
2 9 0 2 1 1 1 
2 3 4 10 1 1 1 
2 17 4 10 1 1 1 
2 10 0 7 1 1 1 
2 8 9 13 1 1 1 
2 6 4 10 1 1 1 
2 19 0 12 1 1 1 
2 21 10 13 1 1 1 
2 9 3 13 1 1 1 
2 19 0 1 1 1 1 
2 1 6 8 1 1 1 
2 29 1 11 1 1 1 
2 27 0 4 1 1 1 
2 22 4 13 1 1 1 
2 17 4 11 1 1 1 
2 23 5 9 1 1 1 
2 16 6 13 1 1 1 
2 26 0 3 1 1 1 
2 2 10 13 1 1 1 
2 12 6 13 1 1 1 
2 29 7 5 1 1 1 
2 12 11 13 1 1 1 
2 20 5 9 1 1 1 
2 28 9 13 1 1 1 
2 23 4 12 1 1 1 
2 1 1 5 1 1 1 
2 26 0 12 1 1 1 
2 14 2 13 1 1 1 
2 8 4 11 1 1 1 
2 23 9 10 1 1 1 
2 26 9 13 1 1 1 
2 17 3 13 1 1 1 
2 21 0 4 1 1 1 
3 1 5 10 1 1 1 0 
2 4 1 8 1 1 1 
2 20 0 12 1 1 1 
2 21 0 5 1 1 1 
2 7 5 13 1 1 1 
2 4 4 12 1 1 1 
2 4 2 1 1 1 1 
2 9 2 13 1 1 1 
2 14 0 10 1 1 1 
2 27 1 0 1 1 1 
2 20 0 11 1 1 1 
2 4 9 13 1 1 1 
2 1 6 6 1 1 1 
2 1 2 3 1 1 1 
2 17 0 4 1 1 1 
2 20 1 0 1 1 1 
2 29 10 10 1 1 1 
2 7 0 4 1 1 1 
2 8 12 13 1 1 1 
2 1 12 9 1 1 1 
2 18 5 13 1 1 1 
2 21 0 6 1 1 1 
2 3 1 6 1 1 1 
2 1 11 5 1 1 1 
2 25 1 1 1 1 1 
2 25 1 2 1 1 1 
2 24 1 1 1 1 1 
2 24 1 2 1 1 1 
2 23 1 1 1 1 1 
2 23 1 2 1 1 1 
2 22 1 2 1 1 1 
2 22 1 1 1 1 1 
2 19 1 13 1 1 1 
2 26 4 2 1 1 1 
2 26 4 7 1 1 1 
2 29 6 4 1 1 1 
2 19 0 11 1 1 1 
2 1 5 3 1 1 1 
2 29 1 10 1 1 1 
2 29 10 4 1 1 1 
2 7 8 11 1 1 1 
2 29 11 6 1 1 1 
2 25 0 10 1 1 1 
2 9 11 13 1 1 1 
2 1 6 5 1 1 1 
2 4 1 7 1 1 1 
2 1 10 7 1 1 1 
2 3 8 13 1 1 1 
2 3 2 7 1 1 1 
2 18 4 11 1 1 1 
2 27 3 13 1 1 1 
2 2 12 13 1 1 1 
2 15 5 13 1 1 1 
2 12 0 1 1 1 1 
2 27 4 12 1 1 1 
2 24 0 1 1 1 1 
2 18 0 11 1 1 1 
2 12 12 13 1 1 1 
2 20 8 13 1 1 1 
2 1 10 12 1 1 1 
2 6 4 12 1 1 1 
2 1 6 9 1 1 1 
2 28 4 4 1 1 1 
2 1 1 3 1 1 1 
2 27 9 13 1 1 1 
2 18 4 12 1 1 1 
2 1 4 3 1 1 1 
5 2 9 9 1 1 1 10 ( 9 ) 
2 17 8 11 1 1 1 
2 29 3 2 1 1 1 
2 23 9 13 1 1 1 
2 17 0 1 1 1 1 
2 19 0 3 1 1 1 
2 19 4 12 1 1 1 
2 26 4 4 1 1 1 
2 28 5 13 1 1 1 
2 23 1 13 1 1 1 
2 4 9 9 1 1 1 
2 16 0 12 1 1 1 
2 7 0 9 1 1 1 
2 12 0 2 1 1 1 
2 18 0 1 1 1 1 
2 29 1 7 1 1 1 
2 29 3 8 1 1 1 
2 8 0 5 1 1 1 
2 20 0 3 1 1 1 
2 2 1 1 1 1 1 
2 16 0 11 1 1 1 
2 25 10 13 1 1 1 
2 5 0 1 1 1 1 
2 29 10 11 1 1 1 
2 21 0 9 1 1 1 
2 14 4 12 1 1 1 
2 29 8 3 1 1 1 
2 22 0 3 1 1 1 
7 25 9 12 1 1 1 4 
2 25 4 3 1 1 1 
2 24 6 13 1 1 1 
2 26 4 10 1 1 1 
2 11 3 13 1 1 1 
2 24 0 2 1 1 1 
2 17 2 13 1 1 1 
2 28 4 3 1 1 1 
2 18 0 12 1 1 1 
2 23 6 11 1 1 1 
2 2 5 13 1 1 1 
2 6 0 6 1 1 1 
2 6 8 12 1 1 1 
2 23 8 12 1 1 1 
2 19 9 13 1 1 1 
2 15 1 13 1 1 1 
2 17 0 3 1 1 1 
2 26 5 9 1 1 1 
2 29 7 10 1 1 1 
2 29 1 8 1 1 1 
2 11 11 13 1 1 1 
2 21 8 13 1 1 1 
2 29 11 5 1 1 1 
2 25 8 13 1 1 1 
2 21 0 3 1 1 1 
2 3 0 8 1 1 1 
2 10 0 1 1 1 1 
2 10 11 13 1 1 1 
2 20 4 13 1 1 1 
2 27 5 9 1 1 1 
2 16 5 13 1 1 1 
2 6 8 11 1 1 1 
2 24 3 13 1 1 1 
2 1 4 10 1 1 1 
2 23 4 10 1 1 1 
2 3 8 11 1 1 1 
2 20 7 13 1 1 1 
2 4 9 8 1 1 1 
2 29 3 7 1 1 1 
2 16 11 13 1 1 1 
2 13 6 13 1 1 1 
2 1 3 9 1 1 1 
2 21 0 7 1 1 1 
2 3 1 1 1 1 1 
2 10 6 13 1 1 1 
2 4 -1 11 1 1 1 
2 2 4 12 1 1 1 
2 3 2 13 1 1 1 
2 2 8 13 1 1 1 
2 26 4 12 1 1 1 
2 17 6 13 1 1 1 
2 17 1 3 1 1 1 
2 27 7 13 1 1 1 
2 20 9 13 1 1 1 
2 18 8 13 1 1 1 
2 6 9 13 1 1 1 
2 26 0 1 1 1 1 
2 24 1 13 1 1 1 
2 1 12 8 1 1 1 
2 16 0 10 1 1 1 
2 29 1 5 1 1 1 
2 30 4 3 1 1 1 
2 29 6 7 1 1 1 
2 1 9 9 1 1 1 
2 29 9 3 1 1 1 
2 1 4 8 1 1 1 
2 27 4 2 1 1 1 
2 25 5 9 1 1 1 
2 15 0 9 1 1 1 
2 29 5 7 1 1 1 
2 28 5 4 1 1 1 
2 9 0 9 1 1 1 
2 8 0 6 1 1 1 
2 23 0 1 1 1 1 
2 2 8 8 1 1 1 
2 22 0 5 1 1 1 
2 9 12 13 1 1 1 
2 8 1 4 1 1 1 
2 6 11 13 1 1 1 
2 25 4 11 1 1 1 
2 20 0 2 1 1 1 
2 8 0 10 1 1 1 
2 6 3 13 1 1 1 
2 18 2 13 1 1 1 
2 26 1 13 1 1 1 
2 15 8 12 1 1 1 
2 4 5 8 1 1 1 
2 21 0 10 1 1 1 
2 5 0 5 1 1 1 
2 29 11 12 1 1 1 
2 17 11 13 1 1 1 
2 28 4 10 1 1 1 
2 25 0 2 1 1 1 
2 25 1 13 1 1 1 
2 6 0 1 1 1 1 
2 15 12 13 1 1 1 
2 21 0 2 1 1 1 
2 24 4 12 1 1 1 
2 2 0 11 1 1 1 
2 28 4 13 1 1 1 
2 28 0 4 1 1 1 
2 1 11 10 1 1 1 
2 14 1 11 1 1 1 
2 29 4 11 1 1 1 
2 20 4 10 1 1 1 
2 15 0 12 1 1 1 
2 27 0 10 1 1 1 
2 18 8 11 1 1 1 
2 1 3 11 1 1 1 
2 5 4 13 1 1 1 
2 4 0 12 1 1 1 
2 22 1 0 1 1 1 
2 1 3 4 1 1 1 
7 2 2 1 1 1 1 2 
2 25 0 6 1 1 1 
2 25 0 8 1 1 1 
2 18 3 13 1 1 1 
2 1 12 3 1 1 1 
2 28 8 12 1 1 1 
2 19 9 10 1 1 1 
2 27 8 13 1 1 1 
2 1 8 7 1 1 1 
2 25 6 10 1 1 1 
2 21 9 10 1 1 1 
2 23 2 13 1 1 1 
2 29 9 12 1 1 1 
2 14 1 13 1 1 1 
2 10 4 13 1 1 1 
2 24 10 13 1 1 1 
2 5 3 13 1 1 1 
2 11 0 6 1 1 1 
2 27 8 4 1 1 1 
2 4 2 3 1 1 1 
2 28 3 13 1 1 1 
2 22 2 13 1 1 1 
2 18 4 13 1 1 1 
2 21 7 13 1 1 1 
2 29 10 12 1 1 1 
2 16 10 13 1 1 1 
2 13 12 13 1 1 1 
2 5 0 7 1 1 1 
2 29 10 6 1 1 1 
2 5 11 13 1 1 1 
2 3 8 8 1 1 1 
2 5 0 12 1 1 1 
2 28 0 8 1 1 1 
2 25 5 13 1 1 1 
2 29 5 11 1 1 1 
2 27 8 11 1 1 1 
2 1 1 11 1 1 1 
2 16 0 8 1 1 1 
2 13 5 13 1 1 1 
2 29 9 2 1 1 1 
2 13 11 13 1 1 1 
2 23 0 3 1 1 1 
2 29 9 9 1 1 1 
2 8 0 3 1 1 1 
2 6 0 5 1 1 1 
2 14 4 13 1 1 1 
2 5 1 4 1 1 1 
2 1 3 6 1 1 1 
2 2 8 12 1 1 1 
2 25 12 13 1 1 1 
2 29 1 4 1 1 1 
2 16 4 13 1 1 1 
2 1 12 4 1 1 1 
2 29 7 2 1 1 1 
2 1 5 5 1 1 1 
2 20 0 10 1 1 1 
2 15 0 3 1 1 1 
2 29 2 12 1 1 1 
2 28 8 4 1 1 1 
2 4 6 13 1 1 1 
2 1 2 11 1 1 1 
2 26 8 12 1 1 1 
2 22 0 12 1 1 1 
2 24 0 5 1 1 1 
2 0 6 12 1 1 1 
2 26 3 13 1 1 1 
2 1 6 4 1 1 1 
2 7 0 12 1 1 1 
2 4 3 13 1 1 1 
2 5 5 9 1 1 1 
2 15 4 11 1 1 1 
2 3 9 7 1 1 1 
2 26 1 4 1 1 1 
2 27 1 4 1 1 1 
2 4 2 8 1 1 1 
2 7 0 11 1 1 1 
2 11 0 12 1 1 1 
2 2 1 3 1 1 1 
2 3 1 3 1 1 1 
2 21 3 13 1 1 1 
2 1 4 7 1 1 1 
2 13 4 12 1 1 1 
2 22 11 13 1 1 1 
2 5 0 6 1 1 1 
2 10 12 13 1 1 1 
2 10 0 4 1 1 1 
2 29 9 11 1 1 1 
2 25 0 7 1 1 1 
2 25 1 0 1 1 1 
2 15 7 13 1 1 1 
8 14 9 13 1 1 1 47 ( 24 26 28 30 32 34 36 38 ) 
2 -1 6 11 1 1 1 
2 9 8 13 1 1 1 
2 3 8 9 1 1 1 
2 29 5 4 1 1 1 
2 25 0 1 1 1 1 
2 3 4 11 1 1 1 
2 4 0 4 1 1 1 
2 27 4 4 1 1 1 
2 8 1 0 1 1 1 
2 29 11 3 1 1 1 
2 9 5 13 1 1 1 
2 3 1 13 1 1 1 
2 13 8 11 1 1 1 
2 18 1 13 1 1 1 
2 27 8 12 1 1 1 
2 29 2 11 1 1 1 
2 22 8 13 1 1 1 
2 17 1 0 1 1 1 
2 25 5 5 1 1 1 
2 3 2 7 1 1 1 
2 24 1 9 1 1 1 
2 18 1 3 1 1 1 
2 27 5 4 1 1 1 
2 28 0 7 1 1 1 
2 23 1 0 1 1 1 
2 25 4 12 1 1 1 
2 2 0 10 1 1 1 
2 29 5 12 1 1 1 
2 20 10 13 1 1 1 
2 1 7 5 1 1 1 
2 14 8 13 1 1 1 
2 26 6 13 1 1 1 
2 6 5 9 1 1 1 
2 9 4 13 1 1 1 
2 2 2 13 1 1 1 
2 9 0 7 1 1 1 
2 27 1 2 1 1 1 
2 1 11 6 1 1 1 
2 2 1 7 1 1 1 
2 29 4 10 1 1 1 
2 25 9 13 1 1 1 
2 12 3 13 1 1 1 
2 29 8 2 1 1 1 
2 3 0 2 1 1 1 
2 6 2 13 1 1 1 
2 26 5 13 1 1 1 
2 5 0 8 1 1 1 
2 25 1 6 1 1 1 
2 19 12 13 1 1 1 
2 17 4 13 1 1 1 
2 29 11 8 1 1 1 
2 2 2 8 1 1 1 
2 8 7 13 1 1 1 
2 10 3 13 1 1 1 
2 24 4 13 1 1 1 
2 0 5 9 1 1 1 
2 25 6 12 1 1 1 
2 28 6 13 1 1 1 
2 9 1 13 1 1 1 
2 2 0 7 1 1 1 
2 3 4 9 1 1 1 
2 3 12 13 1 1 1 
2 3 1 7 1 1 1 
2 14 12 13 1 1 1 
2 29 4 5 1 1 1 
2 29 4 12 1 1 1 
2 23 6 10 1 1 1 
2 25 3 13 1 1 1 
2 15 10 13 1 1 1 
2 19 3 13 1 1 1 
2 29 1 1 1 1 1 
2 1 4 6 1 1 1 
5 30 5 3 1 1 1 13 ( 0 ) 
2 27 2 13 1 1 1 
2 18 9 13 1 1 1 
2 12 0 9 1 1 1 
2 27 10 13 1 1 1 
2 29 9 7 1 1 1 
2 19 11 13 1 1 1 
2 14 4 10 1 1 1 
2 20 1 3 1 1 1 
2 25 6 13 1 1 1 
2 8 1 3 1 1 1 
2 5 5 13 1 1 1 
2 5 9 10 1 1 1 
2 8 10 13 1 1 1 
2 28 6 4 1 1 1 
2 -1 5 10 1 1 1 
2 22 1 13 1 1 1 
2 1 8 3 1 1 1 
2 3 6 13 1 1 1 
2 2 1 13 1 1 1 
2 11 12 13 1 1 1 
2 4 10 13 1 1 1 
2 19 4 10 1 1 1 
2 1 1 7 1 1 1 
2 6 12 13 1 1 1 
2 12 0 4 1 1 1 
2 14 4 11 1 1 1 
2 29 7 9 1 1 1 
2 22 5 9 1 1 1 
2 7 5 9 1 1 1 
2 17 0 7 1 1 1 
2 9 0 12 1 1 1 
2 4 5 9 1 1 1 
2 10 0 3 1 1 1 
2 11 5 13 1 1 1 
15 26 5 4 1 1 1 49 ( 26 5 4 25 5 4 25 5 3 26 5 3 ) 
2 29 8 11 1 1 1 
2 7 8 13 1 1 1 
2 28 2 13 1 1 1 
2 21 2 13 1 1 1 
6 8 1 2 1 1 1 46 ( 44 ) 
3 1 5 11 1 1 1 1 
2 8 8 13 1 1 1 
2 2 8 11 1 1 1 
2 18 6 13 1 1 1 
2 4 11 13 1 1 1 
2 18 0 7 1 1 1 
2 1 5 12 1 1 1 
2 14 5 9 1 1 1 
2 27 4 3 1 1 1 
2 11 10 13 1 1 1 
2 2 2 0 1 1 1 
2 29 3 4 1 1 1 
2 14 8 11 1 1 1 
2 16 9 10 1 1 1 
2 22 10 13 1 1 1 
2 1 5 7 1 1 1 
2 29 7 6 1 1 1 
2 15 4 10 1 1 1 
2 1 4 4 1 1 1 
2 19 1 0 1 1 1 
2 29 4 8 1 1 1 
2 26 4 3 1 1 1 
2 23 0 7 1 1 1 
2 29 8 5 1 1 1 
2 15 3 13 1 1 1 
2 21 0 11 1 1 1 
2 5 12 13 1 1 1 
2 3 1 8 1 1 1 
2 3 10 13 1 1 1 
2 29 12 2 1 1 1 
2 26 0 8 1 1 1 
2 3 2 0 1 1 1 
2 8 0 9 1 1 1 
2 4 1 13 1 1 1 
2 29 5 6 1 1 1 
2 16 4 12 1 1 1 
2 29 2 5 1 1 1 
2 22 9 13 1 1 1 
2 6 6 13 1 1 1 
2 23 4 13 1 1 1 
2 5 8 12 1 1 1 
2 22 0 10 1 1 1 
2 1 10 3 1 1 1 
2 9 1 0 1 1 1 
2 12 0 3 1 1 1 
2 14 9 13 1 1 1 
2 1 1 12 1 1 1 
2 27 11 13 1 1 1 
2 7 8 12 1 1 1 
2 20 4 12 1 1 1 
2 13 4 10 1 1 1 
2 29 6 2 1 1 1 
2 1 8 4 1 1 1 
2 21 9 13 1 1 1 
2 22 0 9 1 1 1 
2 -1 6 10 1 1 1 
2 17 5 9 1 1 1 
2 13 0 10 1 1 1 
2 1 5 8 1 1 1 
2 20 0 8 1 1 1 
2 5 1 13 1 1 1 
2 8 8 11 1 1 1 
2 7 4 12 1 1 1 
2 25 0 5 1 1 1 
2 6 1 0 1 1 1 
2 23 6 13 1 1 1 
2 8 4 12 1 1 1 
2 28 4 6 1 1 1 
2 19 4 11 1 1 1 
2 19 0 5 1 1 1 
2 27 4 10 1 1 1 
2 29 7 11 1 1 1 
2 23 11 13 1 1 1 
2 29 11 10 1 1 1 
2 27 4 13 1 1 1 
2 8 11 13 1 1 1 
2 7 9 10 1 1 1 
2 7 0 7 1 1 1 
2 18 0 8 1 1 1 
2 29 8 12 1 1 1 
2 23 0 6 1 1 1 
2 1 10 8 1 1 1 
2 25 0 3 1 1 1 
2 2 0 12 1 1 1 
2 26 0 9 1 1 1 
2 19 8 13 1 1 1 
2 3 3 13 1 1 1 
2 22 1 3 1 1 1 
2 22 0 11 1 1 1 
2 12 1 0 1 1 1 
2 5 8 13 1 1 1 
2 5 6 13 1 1 1 
2 5 0 2 1 1 1 
2 28 0 9 1 1 1 
2 1 11 11 1 1 1 
2 29 8 9 1 1 1 
2 7 4 10 1 1 1 
2 25 6 11 1 1 1 
2 1 7 3 1 1 1 
2 8 0 11 1 1 1 
2 10 0 5 1 1 1 
2 24 12 13 1 1 1 
2 11 4 13 1 1 1 
2 29 1 12 1 1 1 
2 18 0 4 1 1 1 
2 4 4 13 1 1 1 
2 1 12 12 1 1 1 
2 24 0 9 1 1 1 
2 1 10 11 1 1 1 
2 29 6 5 1 1 1 
2 3 7 13 1 1 1 
2 29 3 12 1 1 1 
2 1 10 9 1 1 1 
2 23 0 4 1 1 1 
2 4 12 13 1 1 1 
2 29 1 9 1 1 1 
2 27 0 8 1 1 1 
2 9 0 10 1 1 1 
2 1 6 3 1 1 1 
2 29 2 3 1 1 1 
2 24 6 12 1 1 1 
2 0 4 10 1 1 1 
2 28 10 13 1 1 1 
2 22 0 2 1 1 1 
2 20 1 13 1 1 1 
2 17 0 8 1 1 1 
2 26 4 11 1 1 1 
2 27 1 6 1 1 1 
2 28 1 6 1 1 1 
2 28 1 7 1 1 1 
2 28 1 8 1 1 1 
2 28 1 9 1 1 1 
2 28 1 10 1 1 1 
2 28 1 11 1 1 1 
2 28 1 12 1 1 1 
2 27 1 12 1 1 1 
2 26 1 12 1 1 1 
2 26 1 11 1 1 1 
2 26 1 10 1 1 1 
2 26 1 6 1 1 1 
2 26 1 7 1 1 1 
2 26 1 8 1 1 1 
2 26 1 9 1 1 1 
2 27 0 3 1 1 1 
2 9 0 1 1 1 1 
2 28 1 0 1 1 1 
2 13 4 11 1 1 1 
2 25 2 13 1 1 1 
2 1 7 4 1 1 1 
2 29 2 2 1 1 1 
2 1 7 7 1 1 1 
2 14 7 13 1 1 1 
2 29 2 7 1 1 1 
8 26 5 8 1 1 1 11 ( 24 26 28 30 32 34 36 38 ) 
2 17 1 11 1 1 1 
2 3 0 3 1 1 1 
2 2 9 7 1 1 1 
2 6 10 13 1 1 1 
2 21 8 11 1 1 1 
2 13 0 8 1 1 1 
2 3 4 13 1 1 1 
2 29 1 6 1 1 1 
2 18 12 13 1 1 1 
2 24 9 13 1 1 1 
2 27 4 5 1 1 1 
2 2 4 13 1 1 1 
2 17 0 5 1 1 1 
2 26 11 13 1 1 1 
2 13 1 13 1 1 1 
2 8 3 13 1 1 1 
2 7 0 6 1 1 1 
2 26 0 6 1 1 1 
2 3 4 8 1 1 1 
2 16 9 13 1 1 1 
2 28 0 12 1 1 1 
2 26 6 4 1 1 1 
2 8 0 2 1 1 1 
2 7 9 13 1 1 1 
2 16 8 12 1 1 1 
2 29 11 4 1 1 1 
2 27 12 13 1 1 1 
2 20 0 4 1 1 1 
2 29 1 0 1 1 1 
2 4 5 9 1 1 1 
2 1 3 8 1 1 1 
2 9 9 13 1 1 1 
2 24 4 4 1 1 1 
2 9 0 5 1 1 1 
2 29 3 11 1 1 1 
2 26 0 5 1 1 1 
2 27 0 7 1 1 1 
2 6 0 11 1 1 1 
2 28 0 11 1 1 1 
2 23 3 13 1 1 1 
2 21 4 13 1 1 1 
2 27 6 4 1 1 1 
2 3 11 13 1 1 1 
2 22 5 4 1 1 1 
2 -1 5 11 1 1 1 
2 12 0 7 1 1 1 
2 23 8 11 1 1 1 
2 29 5 10 1 1 1 
2 1 2 5 1 1 1 
2 18 4 10 1 1 1 
2 3 0 6 1 1 1 
2 1 6 12 1 1 1 
2 1 8 5 1 1 1 
2 25 0 11 1 1 1 
2 3 8 12 1 1 1 
2 1 2 7 1 1 1 
2 1 7 11 1 1 1 
2 12 2 13 1 1 1 
2 1 1 4 1 1 1 
2 9 7 13 1 1 1 
2 29 6 10 1 1 1 
2 20 5 13 1 1 1 
2 14 10 13 1 1 1 
2 29 7 12 1 1 1 
2 1 2 4 1 1 1 
2 1 7 10 1 1 1 
2 7 2 13 1 1 1 
2 18 9 10 1 1 1 
2 19 0 10 1 1 1 
2 19 0 9 1 1 1 
2 24 7 13 1 1 1 
2 28 8 13 1 1 1 
2 22 0 4 1 1 1 
2 1 9 5 1 1 1 
2 1 5 4 1 1 1 
2 29 8 8 1 1 1 
2 20 6 13 1 1 1 
2 29 4 6 1 1 1 
2 19 4 13 1 1 1 
2 28 9 10 1 1 1 
2 28 7 4 1 1 1 
2 8 0 8 1 1 1 
2 2 0 6 1 1 1 
2 11 8 13 1 1 1 
2 12 7 13 1 1 1 
2 18 0 9 1 1 1 
2 10 9 13 1 1 1 
2 26 4 13 1 1 1 
2 3 -1 11 1 1 1 
2 18 11 13 1 1 1 
2 4 4 11 1 1 1 
2 22 0 8 1 1 1 
2 1 8 8 1 1 1 
2 17 9 13 1 1 1 
2 1 6 7 1 1 1 
2 28 4 2 1 1 1 
2 29 11 2 1 1 1 
2 29 8 7 1 1 1 
2 29 2 9 1 1 1 
2 1 8 11 1 1 1 
2 29 12 5 1 1 1 
2 29 3 10 1 1 1 
2 18 1 6 1 1 1 
2 17 1 6 1 1 1 
2 19 0 6 1 1 1 
2 14 0 8 1 1 1 
2 24 0 8 1 1 1 
2 13 10 13 1 1 1 
2 16 0 3 1 1 1 
2 2 0 4 1 1 1 
2 4 0 3 1 1 1 
2 29 9 5 1 1 1 
2 24 5 5 1 1 1 
2 29 8 6 1 1 1 
2 27 6 13 1 1 1 
2 21 12 13 1 1 1 
2 14 1 0 1 1 1 
2 29 12 8 1 1 1 
2 1 2 12 1 1 1 
2 6 8 13 1 1 1 
2 2 5 7 1 1 1 
2 29 4 3 1 1 1 
2 1 3 5 1 1 1 
2 7 0 3 1 1 1 
2 28 4 5 1 1 1 
2 29 9 6 1 1 1 
2 8 0 4 1 1 1 
2 2 0 1 1 1 1 
2 16 12 13 1 1 1 
2 23 4 11 1 1 1 
2 0 7 11 1 1 1 
2 1 4 11 1 1 1 
2 25 4 2 1 1 1 
2 4 1 0 1 1 1 
2 29 2 6 1 1 1 
2 27 4 7 1 1 1 
2 28 1 13 1 1 1 
2 11 0 10 1 1 1 
2 7 7 13 1 1 1 
2 3 4 12 1 1 1 
2 7 0 1 1 1 1 
2 28 0 5 1 1 1 
2 18 0 10 1 1 1 
2 27 5 13 1 1 1 
2 29 12 12 1 1 1 
2 19 8 11 1 1 1 
2 24 9 10 1 1 1 
2 1 3 3 1 1 1 
2 17 8 13 1 1 1 
16 -14 -1 -14 1 1 1 5 ( ) ( 3 -1 10 4 -1 11 3 -1 11 4 -1 10 3 -1 10 4 -1 9 3 -1 9 5 -1 11 5 -1 10 5 -1 9 ) 
2 29 10 9 1 1 1 
2 14 0 11 1 1 1 
2 21 6 13 1 1 1 
2 18 8 12 1 1 1 
2 23 0 10 1 1 1 
2 1 4 5 1 1 1 
2 28 12 13 1 1 1 
2 28 5 9 1 1 1 
2 17 9 10 1 1 1 
2 1 1 8 1 1 1 
2 16 1 11 1 1 1 
2 18 1 0 1 1 1 
2 24 4 10 1 1 1 
2 28 0 6 1 1 1 
2 4 4 10 1 1 1 
2 3 -1 10 1 1 1 
2 29 6 9 1 1 1 
2 29 8 4 1 1 1 
2 12 0 10 1 1 1 
2 12 0 8 1 1 1 
2 16 2 13 1 1 1 
2 26 0 10 1 1 1 
2 22 0 6 1 1 1 
2 11 0 7 1 1 1 
2 29 7 3 1 1 1 
2 13 3 13 1 1 1 
2 24 0 11 1 1 1 
2 7 0 10 1 1 1 
2 29 5 2 1 1 1 
2 13 5 9 1 1 1 
2 15 1 0 1 1 1 
2 4 0 5 1 1 1 
2 22 0 7 1 1 1 
2 17 0 10 1 1 1 
2 16 1 0 1 1 1 
2 24 4 11 1 1 1 
2 17 0 2 1 1 1 
2 8 1 13 1 1 1 
2 11 2 13 1 1 1 
2 18 10 13 1 1 1 
2 1 2 6 1 1 1 
2 16 3 13 1 1 1 
2 9 10 13 1 1 1 
2 16 0 1 1 1 1 
15 2 5 8 1 1 1 48 ( 2 5 9 2 5 10 2 5 11 ) 
2 1 7 8 1 1 1 
2 12 0 12 1 1 1 
2 25 1 9 1 1 1 
2 5 4 10 1 1 1 
2 23 5 13 1 1 1 
2 1 2 10 1 1 1 
2 8 4 10 1 1 1 
2 5 8 11 1 1 1 
2 3 5 13 1 1 1 
2 1 11 7 1 1 1 
2 16 0 9 1 1 1 
2 23 0 2 1 1 1 
2 1 5 9 1 1 1 
2 12 5 13 1 1 1 
2 16 4 10 1 1 1 
2 12 10 13 1 1 1 
2 11 7 13 1 1 1 
2 2 4 8 1 1 1 
2 0 6 9 1 1 1 
2 13 2 13 1 1 1 
2 24 0 4 1 1 1 
2 14 3 13 1 1 1 
2 29 12 11 1 1 1 
2 19 0 4 1 1 1 
2 5 7 13 1 1 1 
2 21 0 8 1 1 1 
2 26 7 13 1 1 1 
2 27 4 5 1 1 1 
2 2 0 9 1 1 1 
2 1 3 10 1 1 1 
2 1 12 7 1 1 1 
2 26 6 5 1 1 1 
2 20 12 13 1 1 1 
2 29 7 4 1 1 1 
2 16 5 9 1 1 1 
2 29 8 10 1 1 1 
2 15 0 8 1 1 1 
2 4 0 7 1 1 1 
2 4 1 6 1 1 1 
2 21 5 13 1 1 1 
2 17 12 13 1 1 1 
2 1 11 4 1 1 1 
2 24 1 11 1 1 1 
2 0 5 12 1 1 1 
2 18 5 9 1 1 1 
2 23 0 9 1 1 1 
2 23 10 13 1 1 1 
2 24 0 10 1 1 1 
2 29 12 7 1 1 1 
2 29 4 9 1 1 1 
2 23 6 12 1 1 1 
2 19 0 2 1 1 1 
2 6 0 3 1 1 1 
2 20 2 13 1 1 1 
2 29 5 9 1 1 1 
2 6 0 10 1 1 1 
2 8 2 13 1 1 1 
2 15 9 10 1 1 1 
2 2 4 10 1 1 1 
7 9 1 5 1 1 1 43 
2 29 10 3 1 1 1 
2 21 1 13 1 1 1 
2 6 0 8 1 1 1 
2 10 0 9 1 1 1 
2 1 9 6 1 1 1 
2 10 0 12 1 1 1 
2 16 7 13 1 1 1 
2 2 6 13 1 1 1 
2 17 0 12 1 1 1 
2 16 8 13 1 1 1 
2 13 0 9 1 1 1 
2 13 7 13 1 1 1 
2 7 1 13 1 1 1 
2 5 0 4 1 1 1 
2 2 3 13 1 1 1 
2 27 1 13 1 1 1 
2 28 0 2 1 1 1 
2 17 8 12 1 1 1 
2 7 12 13 1 1 1 
2 19 7 13 1 1 1 
2 29 9 10 1 1 1 
2 23 0 12 1 1 1 
2 1 11 3 1 1 1 
2 29 4 2 1 1 1 
2 1 8 10 1 1 1 
2 22 4 12 1 1 1 
2 20 0 9 1 1 1 
2 29 6 11 1 1 1 
2 4 0 8 1 1 1 
2 8 0 7 1 1 1 
2 15 4 13 1 1 1 
2 27 0 11 1 1 1 
2 27 0 12 1 1 1 
2 19 6 13 1 1 1 
2 22 0 1 1 1 1 
2 27 0 1 1 1 1 
2 0 7 10 1 1 1 
2 14 6 13 1 1 1 
2 1 9 11 1 1 1 
2 4 8 12 1 1 1 
2 15 0 11 1 1 1 
2 15 6 13 1 1 1 
2 24 5 9 1 1 1 
2 1 2 2 1 1 1 
2 18 7 13 1 1 1 
2 25 8 12 1 1 1 
2 26 0 2 1 1 1 
2 13 0 11 1 1 1 
2 23 0 5 1 1 1 
2 6 5 13 1 1 1 
2 17 0 9 1 1 1 
2 18 0 6 1 1 1 
2 29 1 2 1 1 1 
2 24 8 12 1 1 1 
2 28 4 5 1 1 1 
2 29 12 9 1 1 1 
2 25 1 11 1 1 1 
2 29 6 6 1 1 1 
2 1 1 6 1 1 1 
2 20 3 13 1 1 1 
2 29 4 7 1 1 1 
2 6 1 13 1 1 1 
2 24 0 7 1 1 1 
2 5 1 0 1 1 1 
2 27 0 6 1 1 1 
2 23 7 13 1 1 1 
2 26 12 13 1 1 1 
2 24 11 13 1 1 1 
2 23 12 13 1 1 1 
2 1 11 8 1 1 1 
2 10 1 0 1 1 1 
2 13 8 13 1 1 1 
2 25 4 4 1 1 1 
2 12 9 13 1 1 1 
2 6 0 7 1 1 1 
2 4 8 13 1 1 1 
2 11 0 8 1 1 1 
2 8 4 13 1 1 1 
2 4 5 13 1 1 1 
2 7 4 11 1 1 1 
2 29 11 11 1 1 1 
4 28 5 8 1 1 1 44 ( 46 ) 
2 7 6 13 1 1 1 
2 28 11 13 1 1 1 
2 1 8 9 1 1 1 
2 29 2 10 1 1 1 
2 29 10 2 1 1 1 
2 22 8 12 1 1 1 
2 8 6 13 1 1 1 
2 6 0 12 1 1 1 
2 10 5 13 1 1 1 
2 29 12 6 1 1 1 
2 5 2 13 1 1 1 
2 3 0 4 1 1 1 
2 11 1 0 1 1 1 
2 2 0 2 1 1 1 
2 18 0 3 1 1 1 
2 28 0 1 1 1 1 
2 29 12 3 1 1 1 
2 25 8 11 1 1 1 
2 25 9 10 1 1 1 
2 18 8 12 1 1 1 
2 20 0 5 1 1 1 
2 5 4 12 1 1 1 
2 1 11 12 1 1 1 
2 15 4 12 1 1 1 
2 13 1 0 1 1 1 
2 29 5 8 1 1 1 
2 25 0 12 1 1 1 
2 12 8 13 1 1 1 
2 3 0 7 1 1 1 
2 28 7 13 1 1 1 
2 1 12 5 1 1 1 
2 11 0 2 1 1 1 
2 19 5 9 1 1 1 
2 5 0 3 1 1 1 
2 3 2 8 1 1 1 
2 23 4 3 1 1 1 
2 9 0 4 1 1 1 
2 24 4 3 1 1 1 
2 10 7 13 1 1 1 
2 2 9 13 1 1 1 
2 29 10 5 1 1 1 
2 1 3 12 1 1 1 
2 28 8 11 1 1 1 
2 7 10 13 1 1 1 
2 3 0 12 1 1 1 
7 2 2 7 1 1 1 1 
2 10 2 13 1 1 1 
2 29 11 9 1 1 1 
2 28 0 3 1 1 1 
2 24 0 6 1 1 1 
2 29 1 3 1 1 1 
2 13 9 10 1 1 1 
2 23 5 5 1 1 1 
2 8 8 12 1 1 1 
2 22 4 10 1 1 1 
2 20 4 11 1 1 1 
2 2 4 11 1 1 1 
2 25 4 13 1 1 1 
2 22 9 10 1 1 1 
2 14 0 1 1 1 1 
2 19 5 13 1 1 1 
2 2 8 10 1 1 1 
2 18 8 11 1 1 1 
2 22 6 13 1 1 1 
2 3 0 5 1 1 1 
2 24 8 13 1 1 1 
2 13 0 12 1 1 1 
2 26 0 4 1 1 1 
2 29 10 7 1 1 1 
2 2 1 2 1 1 1 
2 29 6 8 1 1 1 
2 29 9 8 1 1 1 
2 8 9 10 1 1 1 
2 1 12 11 1 1 1 
2 1 1 10 1 1 1 
2 15 0 1 1 1 1 
2 7 0 5 1 1 1 
2 21 8 12 1 1 1 
2 18 0 5 1 1 1 
2 15 8 11 1 1 1 
2 26 1 0 1 1 1 
2 29 10 8 1 1 1 
2 24 1 0 1 1 1 
2 7 1 0 1 1 1 
2 12 0 6 1 1 1 
2 27 0 5 1 1 1 
2 8 5 13 1 1 1 
2 26 8 11 1 1 1 
2 4 2 13 1 1 1 
2 7 0 2 1 1 1 
2 16 1 13 1 1 1 
2 19 0 7 1 1 1 
2 24 2 13 1 1 1 
2 24 6 10 1 1 1 
2 1 7 12 1 1 1 
2 6 1 4 1 1 1 
2 22 5 13 1 1 1 
2 22 12 13 1 1 1 
2 1 10 5 1 1 1 
2 20 8 12 1 1 1 
2 24 0 12 1 1 1 
2 8 0 1 1 1 1 
2 11 0 3 1 1 1 
2 8 0 12 1 1 1 
2 20 8 11 1 1 1 
2 6 4 11 1 1 1 
2 15 0 10 1 1 1 
2 26 10 13 1 1 1 
2 8 1 1 1 1 1 
2 2 11 13 1 1 1 
2 12 1 13 1 1 1 
2 26 0 11 1 1 1 
2 29 3 5 1 1 1 
2 16 8 11 1 1 1 
2 1 12 6 1 1 1 
14 0 1 0 1 1 1 Level4F.txt 0 0 ( 13 ) 
2 1 9 4 1 1 1 
2 28 4 12 1 1 1 
2 10 0 10 1 1 1 
2 9 6 13 1 1 1 
2 23 0 11 1 1 1 
2 15 11 13 1 1 1 
2 22 7 13 1 1 1 
2 29 2 8 1 1 1 
2 16 4 11 1 1 1 
2 29 5 5 1 1 1 
2 1 12 10 1 1 1 
2 24 8 11 1 1 1 
2 2 8 9 1 1 1 
2 17 7 13 1 1 1 
2 24 0 3 1 1 1 
2 15 0 7 1 1 1 
2 29 7 8 1 1 1 
2 22 8 11 1 1 1 
2 1 8 6 1 1 1 
2 19 0 8 1 1 1 
2 5 4 11 1 1 1 
2 29 7 7 1 1 1 
2 6 0 2 1 1 1 
2 23 4 2 1 1 1 
2 14 0 7 1 1 1 
2 14 11 13 1 1 1 
2 4 0 2 1 1 1 
2 14 9 10 1 1 1 
2 3 1 2 1 1 1 
2 26 2 13 1 1 1 
2 27 4 11 1 1 1 
2 6 4 13 1 1 1 
2 22 3 13 1 1 1 
2 29 4 4 1 1 1 
2 10 0 2 1 1 1 
2 14 5 13 1 1 1 
2 24 4 2 1 1 1 
2 17 0 11 1 1 1 
2 11 1 13 1 1 1 
2 4 1 4 1 1 1 
2 1 4 12 1 1 1 
2 13 4 13 1 1 1 
2 7 3 13 1 1 1 
2 18 0 2 1 1 1 
2 12 0 5 1 1 1 
2 29 12 4 1 1 1 
2 1 1 9 1 1 1 
2 7 0 8 1 1 1 
2 2 4 9 1 1 1 
2 1 2 9 1 1 1 
2 0 4 11 1 1 1 
16 0 0 0 1 1 1 6 ( ) ( 13 -1,25 2 13 -1 3 13 -1 4 13 -1 5 13 -1 6 14 -1 6 14 -1 5 14 -1 4 14 -1 2 13 -1 2 16 -1 2 15 -1 2 15 -1 4 15 -1 5 15 -1 6 16 -1 6 16 -1 5 16 -1 4 ) 
2 4 7 13 1 1 1 
2 10 0 8 1 1 1 
2 14 0 9 1 1 1 
2 1 7 9 1 1 1 
2 25 11 13 1 1 1 
2 2 0 5 1 1 1 
2 11 0 4 1 1 1 
2 25 4 10 1 1 1 
2 27 9 10 1 1 1 
2 28 0 10 1 1 1 
6 29 5 3 1 1 1 9 ( 10 50 51 ) 
2 22 4 11 1 1 1 
2 20 0 7 1 1 1 
2 6 0 9 1 1 1 
2 12 4 13 1 1 1 
2 11 6 13 1 1 1 
2 22 5 2 1 1 1 
2 1 10 10 1 1 1 
2 1 10 6 1 1 1 
2 25 1 12 1 1 1 
2 14 0 3 1 1 1 
2 13 9 13 1 1 1 
2 4 0 1 1 1 1 
2 26 8 13 1 1 1 
2 3 0 1 1 1 1 
2 5 9 13 1 1 1 
2 29 3 9 1 1 1 
2 11 0 5 1 1 1 
2 14 0 12 1 1 1 
2 1 9 7 1 1 1 
2 1 8 12 1 1 1 
2 20 9 10 1 1 1 
2 28 4 7 1 1 1 
2 20 11 13 1 1 1 
2 14 8 12 1 1 1 
2 29 2 4 1 1 1 
2 3 8 10 1 1 1 
2 2 0 8 1 1 1 
2 15 5 9 1 1 1 
2 29 9 4 1 1 1 
2 26 4 6 1 1 1 
2 21 11 13 1 1 1 
2 20 0 1 1 1 1 
2 29 6 12 1 1 1 
2 1 7 6 1 1 1 
2 24 1 12 1 1 1 
7 2 2 2 1 1 1 3 
2 10 0 6 1 1 1 
2 16 0 7 1 1 1 
2 17 10 13 1 1 1 
2 17 5 13 1 1 1 
2 26 4 5 1 1 1 
2 27 0 9 1 1 1 
2 26 0 7 1 1 1 
2 29 3 6 1 1 1 
2 10 10 13 1 1 1 
2 10 1 13 1 1 1 
2 4 0 6 1 1 1 
2 1 9 3 1 1 1 
2 4 9 10 1 1 1 
2 10 8 13 1 1 1 
2 1 9 8 1 1 1 
2 19 2 13 1 1 1 
2 29 11 7 1 1 1 
2 1 4 9 1 1 1 
2 1 9 12 1 1 1 
2 15 2 13 1 1 1 
2 27 4 6 1 1 1 
2 11 0 9 1 1 1 
2 7 1 4 1 1 1 
2 2 7 13 1 1 1 
2 24 6 11 1 1 1 
2 23 8 13 1 1 1 
2 1 2 1 1 1 1 
2 27 7 4 1 1 1 
2 19 8 12 1 1 1 
2 7 4 13 1 1 1 
2 13 8 12 1 1 1 
2 29 3 3 1 1 1 
2 21 0 1 1 1 1 
2 23 0 8 1 1 1 
2 28 1 3 1 1 1 
2 17 0 6 1 1 1 
2 3 9 13 1 1 1 
2 6 9 10 1 1 1 
2 29 12 10 1 1 1 
2 23 4 4 1 1 1 
2 25 0 9 1 1 1 
2 9 0 3 1 1 1 
2 1 10 4 1 1 1 
2 5 10 13 1 1 1 
2 13 0 1 1 1 1 
2 25 7 13 1 1 1 
2 9 0 6 1 1 1 
2 20 0 6 1 1 1 
2 21 0 12 1 1 1 
2 1 9 10 1 1 1 
2 1 2 8 1 1 1 
2 19 10 13 1 1 1 
2 17 4 12 1 1 1 
2 1 3 7 1 1 1 
2 3 5 7 1 1 1 
2 6 7 13 1 1 1 
2 11 9 13 1 1 1 
2 28 4 11 1 1 1 
2 27 0 2 1 1 1 
2 25 0 4 1 1 1 
2 9 0 8 1 1 1 
2 1 11 9 1 1 1 
2 8 5 9 1 1 1 
2 6 0 4 1 1 1 
2 1 5 6 1 1 1 
2 28 5 1 1 1 1 
2 25 5 1 1 1 1 
2 24 5 1 1 1 1 
9 9 0 11 1 1 1 36 ( 9 0 11 9 4 11 9 8 11 ) 
9 9 0 12 1 1 1 38 ( 9 0 12 9 4 12 9 8 12 ) 
2 27 5 1 1 1 1 
2 26 5 1 1 1 1 
10 5 1 2 1 1 1 90 
10 6 1 7 1 1 1 90 
10 19 3 3 1 1 1 -90 
10 21 4 3 1 1 1 -90 
10 17 2 3 1 1 1 -90 
10 15 1 3 1 1 1 -90 
2 23 5 1 1 1 1 
