8 19 1 13 1 1 1 13 ( 8 ) 1 
8 17 1 13 1 1 1 12 ( 8 ) 0 
4 32 5 10 1 1 1 11 ( 10 ) 
6 32 5 11 1 1 1 10 ( 11 ) 
2 7 6 13 1 1 1 
2 7 7 13 1 1 1 
2 7 7 12 1 1 1 
2 7 6 12 1 1 1 
2 7 5 13 1 1 1 
2 7 5 12 1 1 1 
2 13 6 13 1 1 1 
2 13 7 13 1 1 1 
2 13 7 12 1 1 1 
2 13 6 12 1 1 1 
2 13 5 13 1 1 1 
2 13 5 12 1 1 1 
2 29 5 12 1 1 1 
2 29 5 13 1 1 1 
2 29 6 12 1 1 1 
2 29 7 12 1 1 1 
2 29 7 13 1 1 1 
2 29 6 13 1 1 1 
2 23 5 12 1 1 1 
2 23 5 13 1 1 1 
2 23 6 12 1 1 1 
2 23 7 12 1 1 1 
2 23 7 13 1 1 1 
2 23 6 13 1 1 1 
2 31 8 12 1 1 1 
2 31 8 11 1 1 1 
2 31 8 10 1 1 1 
2 30 8 12 1 1 1 
2 30 8 11 1 1 1 
2 30 8 10 1 1 1 
2 26 10 13 1 1 1 
2 26 9 13 1 1 1 
2 16 8 11 1 1 1 
2 17 8 11 1 1 1 
2 20 8 11 1 1 1 
2 19 8 11 1 1 1 
9 18 0 11 1 1 1 8 ( 19 1 13 17 1 13 ) 
2 19 4 11 1 1 1 
2 20 4 11 1 1 1 
2 17 4 11 1 1 1 
2 16 4 11 1 1 1 
4 8 5 13 1 1 1 6 ( ) 
2 11 12 10 1 1 1 
2 11 12 11 1 1 1 
2 11 12 12 1 1 1 
2 11 11 10 1 1 1 
2 11 11 11 1 1 1 
2 11 11 12 1 1 1 
2 11 10 10 1 1 1 
2 11 10 11 1 1 1 
2 11 10 12 1 1 1 
4 4 5 6 1 1 1 5 ( ) 
2 31 4 10 1 1 1 
2 31 4 12 1 1 1 
2 31 4 11 1 1 1 
2 30 4 10 1 1 1 
2 30 4 12 1 1 1 
2 30 4 11 1 1 1 
2 29 4 10 1 1 1 
2 29 4 12 1 1 1 
2 29 4 11 1 1 1 
2 28 4 10 1 1 1 
2 28 4 12 1 1 1 
2 28 4 11 1 1 1 
2 27 4 10 1 1 1 
2 27 4 12 1 1 1 
2 27 4 11 1 1 1 
2 17 0 12 1 1 1 
2 5 3 12 1 1 1 
2 5 2 12 1 1 1 
2 5 1 12 1 1 1 
2 6 1 12 1 1 1 
2 6 2 12 1 1 1 
2 6 3 12 1 1 1 
2 5 3 11 1 1 1 
2 5 2 11 1 1 1 
2 5 1 11 1 1 1 
2 6 1 11 1 1 1 
2 6 2 11 1 1 1 
2 6 3 11 1 1 1 
2 5 3 10 1 1 1 
2 5 2 10 1 1 1 
2 5 1 10 1 1 1 
2 6 1 10 1 1 1 
2 6 2 10 1 1 1 
2 6 3 10 1 1 1 
2 6 3 5 1 1 1 
2 6 2 5 1 1 1 
2 6 1 5 1 1 1 
2 5 1 5 1 1 1 
2 5 2 5 1 1 1 
2 5 3 5 1 1 1 
2 5 3 7 1 1 1 
2 5 3 6 1 1 1 
2 5 2 6 1 1 1 
2 5 1 6 1 1 1 
2 5 2 7 1 1 1 
2 5 1 7 1 1 1 
2 6 1 7 1 1 1 
2 6 2 7 1 1 1 
2 6 1 6 1 1 1 
2 6 2 6 1 1 1 
2 6 3 6 1 1 1 
2 6 3 7 1 1 1 
2 6 3 9 1 1 1 
2 6 3 8 1 1 1 
2 5 3 8 1 1 1 
2 5 3 9 1 1 1 
2 5 3 8 1 1 1 
2 4 1 8 1 1 1 
2 4 2 8 1 1 1 
2 18 5 13 1 1 1 
2 13 6 13 1 1 1 
2 21 0 10 1 1 1 
2 15 4 13 1 1 1 
2 10 0 10 1 1 1 
2 32 4 5 1 1 1 
2 32 7 10 1 1 1 
2 28 9 13 1 1 1 
2 19 10 13 1 1 1 
2 13 8 10 1 1 1 
2 5 7 13 1 1 1 
2 28 8 13 1 1 1 
2 27 6 13 1 1 1 
2 5 0 6 1 1 1 
2 8 9 13 1 1 1 
2 6 0 11 1 1 1 
2 13 0 11 1 1 1 
2 17 0 5 1 1 1 
2 28 6 13 1 1 1 
2 4 12 11 1 1 1 
2 28 1 4 1 1 1 
2 18 10 13 1 1 1 
2 4 9 13 1 1 1 
2 4 10 10 1 1 1 
2 24 0 8 1 1 1 
2 24 3 13 1 1 1 
2 17 3 13 1 1 1 
2 31 0 8 1 1 1 
2 24 8 10 1 1 1 
2 22 3 13 1 1 1 
2 4 8 6 1 1 1 
2 23 4 11 1 1 1 
2 8 3 13 1 1 1 
2 24 1 4 1 1 1 
2 7 8 12 1 1 1 
2 28 0 11 1 1 1 
2 27 3 13 1 1 1 
2 7 12 13 1 1 1 
2 23 11 13 1 1 1 
2 14 0 6 1 1 1 
2 5 6 13 1 1 1 
2 22 8 13 1 1 1 
2 11 0 8 1 1 1 
2 4 2 5 1 1 1 
2 26 8 11 1 1 1 
2 13 8 13 1 1 1 
2 28 7 13 1 1 1 
2 13 0 7 1 1 1 
2 31 0 6 1 1 1 
2 5 4 5 1 1 1 
2 17 1 4 1 1 1 
2 16 0 7 1 1 1 
2 32 8 8 1 1 1 
2 4 12 12 1 1 1 
2 5 0 9 1 1 1 
2 15 8 12 1 1 1 
2 13 0 12 1 1 1 
2 16 4 13 1 1 1 
2 10 0 6 1 1 1 
2 15 2 13 1 1 1 
2 28 0 9 1 1 1 
2 32 10 12 1 1 1 
2 32 10 7 1 1 1 
2 9 0 8 1 1 1 
2 17 8 13 1 1 1 
2 17 0 6 1 1 1 
2 32 4 7 1 1 1 
2 12 4 12 1 1 1 
2 12 0 12 1 1 1 
2 32 7 11 1 1 1 
2 17 7 13 1 1 1 
2 10 9 13 1 1 1 
2 11 5 13 1 1 1 
2 20 3 13 1 1 1 
2 4 9 7 1 1 1 
2 21 0 12 1 1 1 
2 9 8 11 1 1 1 
2 13 4 10 1 1 1 
2 13 4 11 1 1 1 
2 20 0 12 1 1 1 
2 8 1 13 1 1 1 
2 24 10 13 1 1 1 
2 14 11 13 1 1 1 
2 19 5 13 1 1 1 
2 28 0 5 1 1 1 
2 27 8 11 1 1 1 
2 13 3 13 1 1 1 
2 19 4 13 1 1 1 
2 7 2 12 1 1 1 
2 7 3 12 1 1 1 
2 7 3 11 1 1 1 
2 7 2 11 1 1 1 
2 7 1 12 1 1 1 
2 7 1 11 1 1 1 
2 13 5 13 1 1 1 
2 4 11 9 1 1 1 
2 32 4 12 1 1 1 
2 9 0 5 1 1 1 
2 12 0 6 1 1 1 
2 21 1 4 1 1 1 
2 4 6 6 1 1 1 
2 32 9 12 1 1 1 
2 25 0 9 1 1 1 
2 4 11 6 1 1 1 
2 23 8 13 1 1 1 
2 18 0 5 1 1 1 
2 11 10 13 1 1 1 
2 13 12 13 1 1 1 
2 26 7 13 1 1 1 
2 29 8 10 1 1 1 
2 6 0 7 1 1 1 
2 32 10 5 1 1 1 
2 13 0 10 1 1 1 
2 18 0 8 1 1 1 
2 6 4 6 1 1 1 
2 14 9 13 1 1 1 
2 8 7 13 1 1 1 
2 24 4 12 1 1 1 
2 19 0 6 1 1 1 
2 13 8 11 1 1 1 
2 8 1 4 1 1 1 
2 4 3 12 1 1 1 
2 4 4 8 1 1 1 
2 4 7 5 1 1 1 
2 4 8 10 1 1 1 
2 12 4 10 1 1 1 
2 4 4 5 1 1 1 
2 25 4 10 1 1 1 
2 32 2 5 1 1 1 
2 9 5 13 1 1 1 
2 21 0 6 1 1 1 
2 4 6 10 1 1 1 
2 20 1 13 1 1 1 
2 15 0 10 1 1 1 
2 15 4 11 1 1 1 
2 23 2 13 1 1 1 
2 26 2 13 1 1 1 
2 4 12 6 1 1 1 
2 8 2 13 1 1 1 
2 32 8 5 1 1 1 
2 9 1 13 1 1 1 
2 32 9 7 1 1 1 
2 5 8 13 1 1 1 
2 26 0 9 1 1 1 
2 8 4 10 1 1 1 
2 4 1 9 1 1 1 
2 15 12 13 1 1 1 
2 15 6 13 1 1 1 
2 32 12 12 1 1 1 
2 16 0 11 1 1 1 
2 9 1 4 1 1 1 
2 25 1 4 1 1 1 
2 5 0 11 1 1 1 
2 21 6 13 1 1 1 
2 11 0 11 1 1 1 
2 6 4 11 1 1 1 
2 5 3 13 1 1 1 
2 25 4 11 1 1 1 
2 23 0 7 1 1 1 
2 31 6 13 1 1 1 
2 32 3 9 1 1 1 
2 13 2 13 1 1 1 
2 24 6 13 1 1 1 
2 18 7 13 1 1 1 
2 4 6 12 1 1 1 
2 31 1 13 1 1 1 
2 29 0 6 1 1 1 
2 15 0 7 1 1 1 
2 26 0 11 1 1 1 
2 13 0 6 1 1 1 
2 9 9 13 1 1 1 
2 4 0 11 1 1 1 
2 25 1 13 1 1 1 
2 4 6 7 1 1 1 
2 27 0 7 1 1 1 
2 25 0 8 1 1 1 
2 27 1 4 1 1 1 
2 8 0 12 1 1 1 
2 10 0 11 1 1 1 
2 32 6 6 1 1 1 
2 13 4 12 1 1 1 
2 32 4 11 1 1 1 
2 32 1 10 1 1 1 
2 29 9 13 1 1 1 
2 32 10 8 1 1 1 
2 4 7 12 1 1 1 
2 6 0 8 1 1 1 
2 21 11 13 1 1 1 
2 26 0 12 1 1 1 
2 24 0 5 1 1 1 
2 12 0 8 1 1 1 
2 7 5 13 1 1 1 
2 23 2 12 1 1 1 
2 23 3 12 1 1 1 
2 23 3 11 1 1 1 
2 23 2 11 1 1 1 
2 23 1 12 1 1 1 
2 23 1 11 1 1 1 
2 4 0 12 1 1 1 
2 7 8 13 1 1 1 
2 32 10 6 1 1 1 
2 5 4 10 1 1 1 
2 18 0 6 1 1 1 
2 12 0 7 1 1 1 
2 26 8 10 1 1 1 
2 18 12 13 1 1 1 
2 30 2 13 1 1 1 
2 13 4 13 1 1 1 
2 29 1 13 1 1 1 
2 19 0 12 1 1 1 
2 5 8 11 1 1 1 
2 6 4 9 1 1 1 
2 22 11 13 1 1 1 
2 32 5 5 1 1 1 
2 4 12 10 1 1 1 
2 26 8 12 1 1 1 
2 25 0 7 1 1 1 
2 21 0 7 1 1 1 
2 18 9 13 1 1 1 
2 30 9 13 1 1 1 
2 15 9 13 1 1 1 
2 4 11 5 1 1 1 
2 9 12 13 1 1 1 
2 5 4 12 1 1 1 
2 16 7 13 1 1 1 
2 32 6 9 1 1 1 
2 24 5 13 1 1 1 
2 15 3 13 1 1 1 
2 6 4 5 1 1 1 
2 11 0 12 1 1 1 
2 20 8 13 1 1 1 
2 9 4 10 1 1 1 
2 32 12 9 1 1 1 
2 12 0 10 1 1 1 
2 7 4 10 1 1 1 
2 32 11 12 1 1 1 
2 23 9 13 1 1 1 
2 4 3 11 1 1 1 
2 13 9 13 1 1 1 
2 17 12 13 1 1 1 
2 32 11 9 1 1 1 
2 4 7 11 1 1 1 
2 17 0 9 1 1 1 
2 29 8 11 1 1 1 
2 11 8 12 1 1 1 
2 18 11 13 1 1 1 
2 32 6 10 1 1 1 
2 16 0 12 1 1 1 
2 4 8 13 1 1 1 
2 21 4 11 1 1 1 
2 14 8 11 1 1 1 
2 10 12 13 1 1 1 
2 7 8 10 1 1 1 
2 7 7 13 1 1 1 
2 25 0 11 1 1 1 
2 21 1 13 1 1 1 
2 29 0 8 1 1 1 
2 30 0 7 1 1 1 
2 26 6 13 1 1 1 
2 4 5 6 1 1 1 
2 6 4 13 1 1 1 
2 6 8 10 1 1 1 
2 25 9 13 1 1 1 
2 16 6 13 1 1 1 
2 4 2 12 1 1 1 
2 13 1 4 1 1 1 
2 13 8 12 1 1 1 
2 32 9 11 1 1 1 
2 6 8 11 1 1 1 
2 4 11 12 1 1 1 
2 24 0 12 1 1 1 
2 16 8 13 1 1 1 
2 32 11 6 1 1 1 
2 6 0 5 1 1 1 
2 27 0 11 1 1 1 
2 25 2 13 1 1 1 
2 7 4 12 1 1 1 
2 14 5 13 1 1 1 
2 4 3 13 1 1 1 
2 9 7 13 1 1 1 
2 24 0 7 1 1 1 
2 14 1 4 1 1 1 
2 9 6 13 1 1 1 
2 32 12 8 1 1 1 
2 18 0 10 1 1 1 
2 25 8 10 1 1 1 
2 4 11 10 1 1 1 
2 29 0 5 1 1 1 
2 17 0 7 1 1 1 
2 30 1 4 1 1 1 
2 7 0 11 1 1 1 
2 31 0 5 1 1 1 
2 4 4 7 1 1 1 
2 12 0 9 1 1 1 
2 20 0 8 1 1 1 
2 32 1 11 1 1 1 
2 6 4 10 1 1 1 
2 10 1 13 1 1 1 
2 18 4 13 1 1 1 
2 28 12 13 1 1 1 
2 23 8 10 1 1 1 
2 4 6 11 1 1 1 
2 32 12 10 1 1 1 
2 32 3 11 1 1 1 
2 14 0 12 1 1 1 
2 16 9 13 1 1 1 
2 32 12 5 1 1 1 
2 29 4 13 1 1 1 
2 5 1 13 1 1 1 
2 4 1 11 1 1 1 
2 22 0 8 1 1 1 
2 4 4 6 1 1 1 
2 4 0 5 1 1 1 
2 28 8 12 1 1 1 
2 12 4 13 1 1 1 
2 32 10 11 1 1 1 
2 27 0 6 1 1 1 
2 11 8 11 1 1 1 
2 24 4 13 1 1 1 
2 25 11 13 1 1 1 
2 18 1 4 1 1 1 
2 9 10 13 1 1 1 
2 28 0 10 1 1 1 
2 6 1 4 1 1 1 
2 8 4 13 1 1 1 
2 27 8 10 1 1 1 
2 7 0 8 1 1 1 
2 29 2 13 1 1 1 
2 14 1 13 1 1 1 
2 8 0 6 1 1 1 
2 5 4 13 1 1 1 
2 8 0 9 1 1 1 
2 4 8 8 1 1 1 
2 25 0 6 1 1 1 
2 18 0 7 1 1 1 
2 16 5 13 1 1 1 
2 10 0 9 1 1 1 
2 24 8 13 1 1 1 
2 11 8 13 1 1 1 
2 4 1 10 1 1 1 
2 17 9 13 1 1 1 
2 29 0 9 1 1 1 
2 12 8 10 1 1 1 
2 5 9 13 1 1 1 
2 24 4 10 1 1 1 
2 29 10 13 1 1 1 
2 12 3 13 1 1 1 
2 19 1 13 1 1 1 
2 22 0 6 1 1 1 
2 32 5 10 1 1 1 
2 32 5 9 1 1 1 
2 9 8 13 1 1 1 
2 27 12 13 1 1 1 
2 4 9 11 1 1 1 
2 30 6 13 1 1 1 
2 16 1 4 1 1 1 
2 12 4 11 1 1 1 
2 4 9 10 1 1 1 
2 4 10 5 1 1 1 
2 4 12 13 1 1 1 
2 10 8 12 1 1 1 
2 20 0 10 1 1 1 
2 24 2 13 1 1 1 
2 30 0 5 1 1 1 
2 8 4 12 1 1 1 
2 30 4 13 1 1 1 
2 32 9 10 1 1 1 
2 30 1 13 1 1 1 
2 28 5 13 1 1 1 
2 14 7 13 1 1 1 
2 4 7 7 1 1 1 
2 30 0 11 1 1 1 
2 12 2 13 1 1 1 
2 11 2 13 1 1 1 
2 8 4 11 1 1 1 
2 32 8 9 1 1 1 
2 24 0 10 1 1 1 
2 22 0 11 1 1 1 
2 8 6 13 1 1 1 
2 22 1 13 1 1 1 
2 27 9 13 1 1 1 
2 21 12 13 1 1 1 
2 10 8 13 1 1 1 
2 4 10 7 1 1 1 
2 7 0 7 1 1 1 
2 4 8 5 1 1 1 
2 14 4 11 1 1 1 
2 4 11 11 1 1 1 
2 14 0 11 1 1 1 
2 32 4 6 1 1 1 
2 32 6 12 1 1 1 
10 10 3 6 1 1 1 90 
2 20 10 13 1 1 1 
2 5 0 8 1 1 1 
2 9 0 12 1 1 1 
2 21 4 10 1 1 1 
2 8 8 12 1 1 1 
10 12 2 6 1 1 1 90 
2 8 8 13 1 1 1 
2 32 7 7 1 1 1 
2 16 0 6 1 1 1 
2 5 4 7 1 1 1 
2 6 0 9 1 1 1 
2 32 6 7 1 1 1 
2 4 12 7 1 1 1 
2 4 10 8 1 1 1 
2 9 3 13 1 1 1 
2 32 8 12 1 1 1 
2 23 1 4 1 1 1 
2 16 11 13 1 1 1 
2 31 7 13 1 1 1 
2 23 8 12 1 1 1 
2 21 0 8 1 1 1 
2 29 11 13 1 1 1 
2 5 5 13 1 1 1 
2 4 0 10 1 1 1 
2 4 5 8 1 1 1 
2 22 0 10 1 1 1 
2 27 0 10 1 1 1 
2 13 0 8 1 1 1 
2 8 0 11 1 1 1 
2 30 0 8 1 1 1 
2 27 8 13 1 1 1 
2 4 3 10 1 1 1 
2 19 1 4 1 1 1 
2 32 3 12 1 1 1 
2 32 4 10 1 1 1 
2 22 6 13 1 1 1 
2 18 2 13 1 1 1 
2 8 2 12 1 1 1 
2 8 3 12 1 1 1 
2 8 3 11 1 1 1 
2 8 2 11 1 1 1 
2 8 1 12 1 1 1 
2 8 1 11 1 1 1 
2 4 11 7 1 1 1 
2 4 2 13 1 1 1 
2 32 6 8 1 1 1 
2 25 4 12 1 1 1 
2 22 8 12 1 1 1 
2 28 0 6 1 1 1 
2 7 1 4 1 1 1 
2 32 11 5 1 1 1 
2 14 12 13 1 1 1 
2 4 11 8 1 1 1 
2 5 0 10 1 1 1 
2 15 4 12 1 1 1 
2 7 3 13 1 1 1 
2 19 12 13 1 1 1 
2 26 0 5 1 1 1 
2 22 4 10 1 1 1 
2 12 1 13 1 1 1 
2 8 8 10 1 1 1 
2 15 7 13 1 1 1 
2 15 0 6 1 1 1 
2 4 9 9 1 1 1 
2 31 0 10 1 1 1 
2 19 2 13 1 1 1 
2 15 0 12 1 1 1 
2 18 8 13 1 1 1 
2 32 1 7 1 1 1 
2 6 5 13 1 1 1 
2 20 0 6 1 1 1 
2 30 5 13 1 1 1 
2 14 10 13 1 1 1 
2 28 3 13 1 1 1 
2 4 0 6 1 1 1 
2 15 10 13 1 1 1 
2 14 0 5 1 1 1 
2 17 4 13 1 1 1 
2 32 11 10 1 1 1 
2 6 10 13 1 1 1 
2 21 0 11 1 1 1 
2 32 7 6 1 1 1 
2 25 8 13 1 1 1 
2 9 0 6 1 1 1 
2 25 5 13 1 1 1 
2 26 0 7 1 1 1 
2 31 3 13 1 1 1 
2 4 6 8 1 1 1 
2 29 7 13 1 1 1 
2 23 0 11 1 1 1 
2 23 0 12 1 1 1 
2 4 7 8 1 1 1 
2 15 0 5 1 1 1 
2 29 0 11 1 1 1 
2 24 12 13 1 1 1 
2 5 12 13 1 1 1 
2 4 4 9 1 1 1 
2 15 8 11 1 1 1 
2 25 3 13 1 1 1 
2 12 8 13 1 1 1 
2 10 1 4 1 1 1 
2 6 8 12 1 1 1 
2 27 4 13 1 1 1 
2 5 2 13 1 1 1 
2 14 0 10 1 1 1 
2 25 8 12 1 1 1 
2 17 6 13 1 1 1 
2 19 9 13 1 1 1 
2 21 5 13 1 1 1 
2 32 9 9 1 1 1 
2 31 0 12 1 1 1 
2 21 2 13 1 1 1 
2 14 8 13 1 1 1 
2 30 7 13 1 1 1 
2 17 1 13 1 1 1 
2 13 0 5 1 1 1 
2 9 8 10 1 1 1 
2 27 0 5 1 1 1 
2 17 10 13 1 1 1 
2 4 3 8 1 1 1 
2 15 11 13 1 1 1 
2 32 11 7 1 1 1 
2 8 0 10 1 1 1 
2 32 7 5 1 1 1 
2 13 2 12 1 1 1 
2 13 3 12 1 1 1 
2 13 3 11 1 1 1 
2 13 2 11 1 1 1 
2 13 1 12 1 1 1 
2 13 1 11 1 1 1 
2 22 0 9 1 1 1 
2 4 4 10 1 1 1 
2 31 2 13 1 1 1 
2 29 1 4 1 1 1 
2 26 0 8 1 1 1 
2 24 4 11 1 1 1 
2 7 2 13 1 1 1 
2 4 10 13 1 1 1 
2 32 1 8 1 1 1 
2 32 3 10 1 1 1 
2 28 8 11 1 1 1 
2 29 3 13 1 1 1 
2 23 4 10 1 1 1 
2 26 1 13 1 1 1 
2 17 0 10 1 1 1 
2 21 4 12 1 1 1 
10 8 4 6 1 1 1 90 
2 15 1 4 1 1 1 
2 31 5 13 1 1 1 
2 4 10 6 1 1 1 
2 10 2 13 1 1 1 
2 9 2 13 1 1 1 
2 6 9 13 1 1 1 
2 20 0 11 1 1 1 
2 4 5 11 1 1 1 
2 22 0 5 1 1 1 
2 25 0 10 1 1 1 
2 6 0 6 1 1 1 
2 5 10 13 1 1 1 
2 4 1 7 1 1 1 
2 9 0 7 1 1 1 
2 31 10 13 1 1 1 
2 32 1 9 1 1 1 
2 17 5 13 1 1 1 
2 5 0 5 1 1 1 
2 31 9 13 1 1 1 
2 7 4 13 1 1 1 
2 8 8 11 1 1 1 
2 14 6 13 1 1 1 
2 23 0 9 1 1 1 
2 4 1 6 1 1 1 
2 32 2 7 1 1 1 
2 11 1 13 1 1 1 
2 4 1 4 1 1 1 
2 25 0 5 1 1 1 
2 25 10 13 1 1 1 
2 14 0 8 1 1 1 
2 27 0 12 1 1 1 
2 26 8 13 1 1 1 
2 4 9 5 1 1 1 
2 23 4 12 1 1 1 
2 10 8 10 1 1 1 
2 23 7 13 1 1 1 
2 11 9 13 1 1 1 
2 27 5 13 1 1 1 
2 32 1 12 1 1 1 
2 23 5 13 1 1 1 
2 7 0 9 1 1 1 
2 12 7 13 1 1 1 
2 26 0 10 1 1 1 
2 28 8 10 1 1 1 
2 21 0 9 1 1 1 
2 12 5 13 1 1 1 
2 14 3 13 1 1 1 
2 15 8 13 1 1 1 
2 11 1 4 1 1 1 
2 32 10 10 1 1 1 
2 7 0 10 1 1 1 
2 29 8 12 1 1 1 
2 32 7 9 1 1 1 
2 4 7 9 1 1 1 
2 32 12 7 1 1 1 
2 9 0 11 1 1 1 
2 24 1 13 1 1 1 
2 9 11 13 1 1 1 
2 29 6 13 1 1 1 
2 8 5 13 1 1 1 
2 30 12 13 1 1 1 
2 7 4 11 1 1 1 
2 32 3 8 1 1 1 
2 28 0 7 1 1 1 
2 16 0 5 1 1 1 
2 4 5 9 1 1 1 
2 28 10 13 1 1 1 
2 12 8 11 1 1 1 
2 24 9 13 1 1 1 
2 17 11 13 1 1 1 
2 19 0 7 1 1 1 
2 25 0 12 1 1 1 
2 17 0 11 1 1 1 
2 4 4 11 1 1 1 
2 18 3 13 1 1 1 
2 32 12 6 1 1 1 
2 23 0 10 1 1 1 
2 23 0 5 1 1 1 
2 31 11 13 1 1 1 
2 27 1 13 1 1 1 
2 22 1 4 1 1 1 
2 10 0 12 1 1 1 
2 16 12 13 1 1 1 
2 10 0 7 1 1 1 
2 11 7 13 1 1 1 
2 11 0 9 1 1 1 
2 20 9 13 1 1 1 
2 11 8 10 1 1 1 
2 21 8 10 1 1 1 
2 20 0 5 1 1 1 
2 6 1 13 1 1 1 
2 30 10 13 1 1 1 
2 30 8 13 1 1 1 
2 16 0 8 1 1 1 
2 4 0 7 1 1 1 
2 13 10 13 1 1 1 
2 27 8 12 1 1 1 
2 30 0 12 1 1 1 
2 4 6 13 1 1 1 
2 32 5 12 1 1 1 
2 9 4 11 1 1 1 
2 22 0 7 1 1 1 
2 14 0 7 1 1 1 
2 32 3 6 1 1 1 
2 22 10 13 1 1 1 
2 10 8 11 1 1 1 
2 26 5 13 1 1 1 
2 29 5 13 1 1 1 
2 13 7 13 1 1 1 
2 32 2 12 1 1 1 
2 23 3 13 1 1 1 
2 31 0 9 1 1 1 
2 4 8 9 1 1 1 
2 6 3 13 1 1 1 
2 30 3 13 1 1 1 
2 28 11 13 1 1 1 
2 19 0 8 1 1 1 
2 7 0 5 1 1 1 
2 6 4 12 1 1 1 
2 20 12 13 1 1 1 
2 28 0 12 1 1 1 
2 22 4 12 1 1 1 
2 10 11 13 1 1 1 
2 7 10 13 1 1 1 
2 28 1 13 1 1 1 
2 16 10 13 1 1 1 
2 6 0 12 1 1 1 
2 4 5 12 1 1 1 
2 12 0 11 1 1 1 
2 4 2 11 1 1 1 
2 28 0 8 1 1 1 
2 5 11 13 1 1 1 
2 16 3 13 1 1 1 
2 19 0 10 1 1 1 
2 32 2 11 1 1 1 
2 4 6 9 1 1 1 
2 23 12 13 1 1 1 
2 32 8 7 1 1 1 
2 22 8 10 1 1 1 
2 24 11 13 1 1 1 
2 11 3 13 1 1 1 
2 21 3 13 1 1 1 
2 25 8 11 1 1 1 
2 10 3 13 1 1 1 
2 29 12 13 1 1 1 
2 27 11 13 1 1 1 
2 9 8 12 1 1 1 
2 26 4 11 1 1 1 
2 20 1 4 1 1 1 
2 24 0 6 1 1 1 
2 5 4 11 1 1 1 
2 26 0 6 1 1 1 
2 32 11 11 1 1 1 
2 8 0 5 1 1 1 
2 4 3 6 1 1 1 
2 20 5 13 1 1 1 
2 10 7 13 1 1 1 
2 6 8 13 1 1 1 
2 32 5 6 1 1 1 
2 22 12 13 1 1 1 
2 8 10 13 1 1 1 
2 8 12 13 1 1 1 
2 32 4 8 1 1 1 
2 4 9 12 1 1 1 
2 14 4 10 1 1 1 
2 4 2 10 1 1 1 
2 11 0 5 1 1 1 
2 4 5 13 1 1 1 
2 31 4 13 1 1 1 
2 8 0 7 1 1 1 
2 32 6 5 1 1 1 
2 23 6 13 1 1 1 
2 20 7 13 1 1 1 
2 15 0 11 1 1 1 
2 23 8 11 1 1 1 
2 21 7 13 1 1 1 
2 22 5 13 1 1 1 
2 7 6 13 1 1 1 
2 4 8 11 1 1 1 
2 16 0 10 1 1 1 
2 7 1 13 1 1 1 
2 15 0 9 1 1 1 
2 15 5 13 1 1 1 
2 6 4 7 1 1 1 
2 5 8 10 1 1 1 
2 4 7 10 1 1 1 
2 4 10 9 1 1 1 
2 21 8 11 1 1 1 
2 12 1 4 1 1 1 
2 10 0 5 1 1 1 
2 32 2 10 1 1 1 
2 30 11 13 1 1 1 
2 22 7 13 1 1 1 
2 11 0 6 1 1 1 
2 15 1 13 1 1 1 
2 32 2 9 1 1 1 
2 28 4 13 1 1 1 
2 27 0 8 1 1 1 
2 12 0 5 1 1 1 
2 5 8 12 1 1 1 
2 4 7 13 1 1 1 
2 32 5 7 1 1 1 
2 21 10 13 1 1 1 
2 24 8 12 1 1 1 
2 4 5 7 1 1 1 
2 31 8 13 1 1 1 
2 14 4 12 1 1 1 
2 13 11 13 1 1 1 
2 32 10 9 1 1 1 
2 22 4 13 1 1 1 
2 9 4 13 1 1 1 
2 10 6 13 1 1 1 
2 26 11 13 1 1 1 
2 14 4 13 1 1 1 
2 10 10 13 1 1 1 
2 4 1 5 1 1 1 
2 30 0 6 1 1 1 
2 4 2 7 1 1 1 
2 4 8 7 1 1 1 
2 17 0 8 1 1 1 
2 4 4 12 1 1 1 
2 12 6 13 1 1 1 
2 4 1 13 1 1 1 
2 14 8 10 1 1 1 
2 32 1 6 1 1 1 
2 17 2 13 1 1 1 
2 8 0 8 1 1 1 
2 11 0 7 1 1 1 
2 32 3 5 1 1 1 
7 8 5 11 1 1 1 0 
2 32 4 9 1 1 1 
2 18 1 13 1 1 1 
2 25 6 13 1 1 1 
2 6 11 13 1 1 1 
2 27 7 13 1 1 1 
2 16 0 9 1 1 1 
2 15 0 8 1 1 1 
2 7 0 6 1 1 1 
2 30 0 10 1 1 1 
2 4 5 10 1 1 1 
2 5 0 7 1 1 1 
2 32 7 12 1 1 1 
2 24 0 9 1 1 1 
2 4 9 6 1 1 1 
2 24 0 11 1 1 1 
2 4 6 5 1 1 1 
2 29 2 12 1 1 1 
2 29 3 12 1 1 1 
2 29 3 11 1 1 1 
2 29 2 11 1 1 1 
2 29 1 12 1 1 1 
2 29 1 11 1 1 1 
2 20 11 13 1 1 1 
2 19 7 13 1 1 1 
2 26 4 12 1 1 1 
2 31 1 4 1 1 1 
2 32 7 8 1 1 1 
2 13 0 9 1 1 1 
2 7 9 13 1 1 1 
2 6 7 13 1 1 1 
2 26 3 13 1 1 1 
2 24 7 13 1 1 1 
2 20 0 9 1 1 1 
2 32 12 11 1 1 1 
10 14 1 6 1 1 1 90 
2 12 10 13 1 1 1 
2 4 0 9 1 1 1 
2 12 11 13 1 1 1 
2 9 0 9 1 1 1 
2 6 2 13 1 1 1 
2 7 8 11 1 1 1 
2 30 0 9 1 1 1 
2 19 0 9 1 1 1 
2 19 0 5 1 1 1 
2 29 0 7 1 1 1 
2 11 4 13 1 1 1 
2 21 0 5 1 1 1 
2 9 4 12 1 1 1 
2 12 9 13 1 1 1 
2 25 7 13 1 1 1 
2 32 8 10 1 1 1 
2 16 1 13 1 1 1 
2 4 10 12 1 1 1 
2 24 8 11 1 1 1 
2 12 8 12 1 1 1 
2 11 6 13 1 1 1 
2 19 0 11 1 1 1 
2 21 9 13 1 1 1 
2 4 10 11 1 1 1 
2 31 12 13 1 1 1 
2 4 1 12 1 1 1 
2 27 10 13 1 1 1 
2 29 0 10 1 1 1 
2 15 8 10 1 1 1 
2 10 5 13 1 1 1 
2 8 11 13 1 1 1 
2 32 2 6 1 1 1 
2 23 10 13 1 1 1 
2 4 0 8 1 1 1 
2 25 4 13 1 1 1 
2 22 8 11 1 1 1 
2 14 2 13 1 1 1 
2 22 9 13 1 1 1 
2 21 4 13 1 1 1 
2 20 6 13 1 1 1 
2 19 8 13 1 1 1 
2 32 9 8 1 1 1 
2 11 12 13 1 1 1 
2 26 1 4 1 1 1 
2 18 6 13 1 1 1 
2 11 11 13 1 1 1 
2 32 9 6 1 1 1 
2 21 8 13 1 1 1 
2 22 4 11 1 1 1 
2 4 2 9 1 1 1 
2 6 6 13 1 1 1 
2 5 0 12 1 1 1 
2 23 0 6 1 1 1 
2 4 12 8 1 1 1 
2 32 9 5 1 1 1 
2 31 0 7 1 1 1 
2 12 12 13 1 1 1 
2 27 2 13 1 1 1 
2 23 4 13 1 1 1 
2 14 0 9 1 1 1 
2 4 3 9 1 1 1 
2 4 12 9 1 1 1 
2 4 2 6 1 1 1 
2 27 0 9 1 1 1 
2 4 9 8 1 1 1 
2 4 5 5 1 1 1 
2 7 11 13 1 1 1 
2 32 8 11 1 1 1 
2 20 0 7 1 1 1 
2 18 0 12 1 1 1 
2 20 2 13 1 1 1 
2 6 12 13 1 1 1 
2 16 2 13 1 1 1 
2 14 8 12 1 1 1 
2 10 4 13 1 1 1 
2 19 11 13 1 1 1 
2 32 1 5 1 1 1 
2 26 12 13 1 1 1 
2 9 0 10 1 1 1 
2 31 0 11 1 1 1 
2 4 11 13 1 1 1 
2 5 4 6 1 1 1 
2 4 3 5 1 1 1 
2 4 3 7 1 1 1 
2 25 12 13 1 1 1 
2 32 11 8 1 1 1 
2 4 7 6 1 1 1 
2 15 4 10 1 1 1 
2 18 0 9 1 1 1 
2 10 0 8 1 1 1 
2 22 0 12 1 1 1 
2 5 1 4 1 1 1 
2 26 4 13 1 1 1 
2 23 0 8 1 1 1 
2 13 1 13 1 1 1 
2 4 8 12 1 1 1 
2 19 6 13 1 1 1 
2 23 1 13 1 1 1 
2 4 12 5 1 1 1 
2 32 2 8 1 1 1 
2 6 0 10 1 1 1 
2 19 3 13 1 1 1 
2 20 4 13 1 1 1 
2 22 2 13 1 1 1 
2 4 4 13 1 1 1 
2 32 5 8 1 1 1 
2 21 8 12 1 1 1 
2 28 2 13 1 1 1 
2 11 0 10 1 1 1 
2 32 8 6 1 1 1 
2 32 3 7 1 1 1 
2 29 8 13 1 1 1 
2 26 4 10 1 1 1 
2 29 0 12 1 1 1 
2 7 0 12 1 1 1 
2 5 4 9 1 1 1 
