2 19 5 12 1 1 1 
2 19 5 10 1 1 1 
2 24 5 9 1 1 1 
2 26 5 9 1 1 1 
2 21 5 9 1 1 1 
2 25 5 9 1 1 1 
2 27 5 9 1 1 1 
2 20 5 9 1 1 1 
2 23 5 9 1 1 1 
2 22 5 9 1 1 1 
2 14 2 12 1 1 1 
2 9 1 4 1 1 1 
2 8 1 3 1 1 1 
2 7 1 3 1 1 1 
2 6 1 4 1 1 1 
2 4 2 6 1 1 1 
2 18 0 9 1 1 1 
2 4 5 13 1 1 1 
2 27 6 13 1 1 1 
2 15 1 5 1 1 1 
2 15 0 8 1 1 1 
2 10 1 8 1 1 1 
2 28 5 7 1 1 1 
2 28 6 11 1 1 1 
2 16 7 13 1 1 1 
2 7 0 11 1 1 1 
2 12 3 13 1 1 1 
2 5 0 8 1 1 1 
7 5 1 7 1 1 1 4 
2 8 0 9 1 1 1 
2 12 7 13 1 1 1 
2 14 3 13 1 1 1 
2 13 0 5 1 1 1 
2 11 0 10 1 1 1 
2 25 0 10 1 1 1 
2 5 5 13 1 1 1 
2 13 3 13 1 1 1 
2 22 4 10 1 1 1 
2 4 5 9 1 1 1 
2 23 4 10 1 1 1 
6 7 1 9 1 1 1 16 ( 18 ) 
2 28 5 12 1 1 1 
2 7 6 13 1 1 1 
2 21 4 11 1 1 1 
2 10 6 13 1 1 1 
2 15 6 13 1 1 1 
2 4 3 9 1 1 1 
2 9 0 11 1 1 1 
2 21 0 8 1 1 1 
2 17 6 13 1 1 1 
2 19 0 6 1 1 1 
2 11 1 5 1 1 1 
2 4 1 11 1 1 1 
15 7 1 5 1 1 1 0 
2 18 0 7 1 1 1 
2 4 0 7 1 1 1 
2 10 4 8 1 1 1 
2 4 4 11 1 1 1 
2 7 0 9 1 1 1 
2 29 1 8 1 1 1 
5 29 1 8 1 1 1 19 ( 1 ) 
2 20 1 13 1 1 1 
2 9 0 8 1 1 1 
2 22 1 5 1 1 1 
2 4 6 13 1 1 1 
2 23 4 11 1 1 1 
2 10 3 13 1 1 1 
2 9 0 12 1 1 1 
2 7 7 13 1 1 1 
2 9 1 5 1 1 1 
2 11 2 13 1 1 1 
2 21 1 13 1 1 1 
2 23 7 13 1 1 1 
2 24 4 13 1 1 1 
2 21 0 10 1 1 1 
2 24 0 9 1 1 1 
2 26 0 8 1 1 1 
2 12 0 12 1 1 1 
6 10 1 7 1 1 1 3 ( 5 ) 
2 28 4 11 1 1 1 
2 7 0 6 1 1 1 
2 7 0 4 1 1 1 
2 22 1 13 1 1 1 
2 28 5 11 1 1 1 
2 19 3 13 1 1 1 
2 19 1 13 1 1 1 
2 26 6 13 1 1 1 
2 19 0 8 1 1 1 
2 20 1 5 1 1 1 
2 4 1 10 1 1 1 
2 24 0 10 1 1 1 
2 27 4 12 1 1 1 
10 16 3 11 1 1 1 -90 
2 20 0 8 1 1 1 
2 8 3 13 1 1 1 
2 28 4 12 1 1 1 
2 7 2 13 1 1 1 
2 8 5 13 1 1 1 
2 16 1 5 1 1 1 
2 21 0 12 1 1 1 
2 21 4 13 1 1 1 
2 15 2 13 1 1 1 
2 21 0 6 1 1 1 
2 4 3 12 1 1 1 
2 14 1 5 1 1 1 
2 11 5 13 1 1 1 
2 4 1 8 1 1 1 
2 13 0 8 1 1 1 
2 21 2 13 1 1 1 
2 24 4 12 1 1 1 
2 16 0 12 1 1 1 
2 28 6 5 1 1 1 
2 28 0 10 1 1 1 
2 15 0 10 1 1 1 
2 15 0 11 1 1 1 
2 24 0 12 1 1 1 
2 10 4 12 1 1 1 
2 28 0 8 1 1 1 
2 19 7 13 1 1 1 
2 12 1 11 1 1 1 
2 4 5 8 1 1 1 
2 15 4 13 1 1 1 
2 25 5 13 1 1 1 
2 11 6 13 1 1 1 
2 28 6 10 1 1 1 
2 11 3 13 1 1 1 
2 4 5 12 1 1 1 
2 5 4 13 1 1 1 
2 8 0 8 1 1 1 
2 28 2 11 1 1 1 
2 13 0 6 1 1 1 
2 5 2 13 1 1 1 
2 13 0 9 1 1 1 
2 21 3 13 1 1 1 
2 26 2 13 1 1 1 
2 7 0 5 1 1 1 
2 11 0 12 1 1 1 
2 14 6 13 1 1 1 
2 10 1 13 1 1 1 
2 4 6 7 1 1 1 
2 28 6 8 1 1 1 
2 17 7 13 1 1 1 
2 28 5 9 1 1 1 
2 9 5 13 1 1 1 
2 4 7 8 1 1 1 
2 6 6 13 1 1 1 
2 4 6 11 1 1 1 
2 16 6 13 1 1 1 
2 14 2 13 1 1 1 
2 28 4 9 1 1 1 
2 5 1 13 1 1 1 
2 4 5 6 1 1 1 
2 4 4 7 1 1 1 
2 5 3 13 1 1 1 
2 6 2 13 1 1 1 
2 9 0 5 1 1 1 
2 6 0 9 1 1 1 
2 28 0 6 1 1 1 
2 8 2 13 1 1 1 
2 25 0 12 1 1 1 
2 28 7 11 1 1 1 
2 19 1 5 1 1 1 
2 22 0 12 1 1 1 
2 4 5 11 1 1 1 
2 20 0 10 1 1 1 
2 10 4 10 1 1 1 
2 13 4 13 1 1 1 
10 18 4 11 1 1 1 -90 
2 6 0 12 1 1 1 
2 20 4 10 1 1 1 
2 23 0 11 1 1 1 
2 4 7 10 1 1 1 
2 8 6 13 1 1 1 
2 26 3 13 1 1 1 
2 4 1 7 1 1 1 
2 27 0 11 1 1 1 
2 6 0 7 1 1 1 
2 14 0 12 1 1 1 
2 12 6 13 1 1 1 
6 28 1 8 1 1 1 14 ( 17 ) 
2 18 0 10 1 1 1 
2 27 4 10 1 1 1 
2 28 7 6 1 1 1 
2 4 2 8 1 1 1 
2 27 0 6 1 1 1 
2 7 0 12 1 1 1 
2 27 0 7 1 1 1 
2 6 2 9 1 1 1 
2 28 5 5 1 1 1 
2 6 1 9 1 1 1 
2 19 5 13 1 1 1 
2 28 6 7 1 1 1 
2 29 0 8 1 1 1 
2 5 0 10 1 1 1 
2 26 1 13 1 1 1 
2 11 1 13 1 1 1 
2 26 4 11 1 1 1 
2 18 0 11 1 1 1 
2 23 0 8 1 1 1 
2 10 6 9 1 1 1 
2 10 2 8 1 1 1 
2 10 5 8 1 1 1 
2 23 1 5 1 1 1 
2 25 0 6 1 1 1 
2 10 3 9 1 1 1 
2 28 5 6 1 1 1 
2 23 0 10 1 1 1 
2 4 7 9 1 1 1 
2 28 1 7 1 1 1 
2 10 1 9 1 1 1 
2 10 7 13 1 1 1 
2 10 7 8 1 1 1 
2 22 0 10 1 1 1 
2 22 6 13 1 1 1 
2 13 0 12 1 1 1 
2 9 7 13 1 1 1 
2 23 0 12 1 1 1 
2 15 0 7 1 1 1 
2 24 0 5 1 1 1 
2 28 1 6 1 1 1 
2 19 0 12 1 1 1 
2 23 4 12 1 1 1 
2 25 0 11 1 1 1 
2 22 0 11 1 1 1 
2 23 0 6 1 1 1 
2 28 3 13 1 1 1 
2 27 0 5 1 1 1 
2 28 7 9 1 1 1 
2 27 5 13 1 1 1 
2 10 1 11 1 1 1 
2 8 0 5 1 1 1 
2 28 6 6 1 1 1 
2 27 0 12 1 1 1 
2 4 5 7 1 1 1 
2 10 0 9 1 1 1 
2 25 4 10 1 1 1 
2 4 0 6 1 1 1 
2 4 2 9 1 1 1 
2 4 6 10 1 1 1 
2 10 2 10 1 1 1 
2 24 5 13 1 1 1 
2 10 0 12 1 1 1 
2 27 3 13 1 1 1 
2 27 2 13 1 1 1 
2 10 0 6 1 1 1 
2 4 7 12 1 1 1 
2 10 2 12 1 1 1 
2 27 4 11 1 1 1 
2 24 6 13 1 1 1 
2 13 0 10 1 1 1 
2 28 2 6 1 1 1 
2 6 0 11 1 1 1 
2 10 1 10 1 1 1 
2 5 0 11 1 1 1 
2 17 1 5 1 1 1 
2 28 3 12 1 1 1 
2 28 6 9 1 1 1 
2 20 7 13 1 1 1 
2 7 1 13 1 1 1 
2 28 0 5 1 1 1 
2 28 1 11 1 1 1 
2 26 4 13 1 1 1 
2 5 0 6 1 1 1 
2 10 5 11 1 1 1 
4 6 1 9 1 1 1 18 ( 16 ) 
3 7 1 4 1 1 1 0 
2 12 5 13 1 1 1 
2 18 7 13 1 1 1 
2 11 1 12 1 1 1 
2 5 0 5 1 1 1 
2 27 7 13 1 1 1 
2 28 2 10 1 1 1 
2 4 2 7 1 1 1 
2 8 1 9 1 1 1 
2 6 7 13 1 1 1 
2 23 0 9 1 1 1 
2 11 0 7 1 1 1 
2 11 7 13 1 1 1 
2 20 2 13 1 1 1 
2 22 0 6 1 1 1 
2 21 4 10 1 1 1 
2 22 0 5 1 1 1 
2 17 0 11 1 1 1 
2 4 4 9 1 1 1 
2 20 5 13 1 1 1 
2 8 7 13 1 1 1 
2 28 3 11 1 1 1 
2 9 0 6 1 1 1 
2 13 1 13 1 1 1 
2 22 0 8 1 1 1 
2 11 1 11 1 1 1 
2 8 0 6 1 1 1 
2 19 2 13 1 1 1 
2 10 0 11 1 1 1 
2 28 3 10 1 1 1 
2 9 4 13 1 1 1 
2 10 4 13 1 1 1 
2 16 0 7 1 1 1 
2 28 2 9 1 1 1 
2 7 5 13 1 1 1 
2 25 3 13 1 1 1 
2 20 0 7 1 1 1 
2 21 0 11 1 1 1 
2 11 0 8 1 1 1 
2 5 6 13 1 1 1 
2 4 3 13 1 1 1 
2 28 3 5 1 1 1 
2 4 7 6 1 1 1 
2 28 2 13 1 1 1 
2 12 2 13 1 1 1 
2 13 6 13 1 1 1 
2 28 7 7 1 1 1 
2 20 0 5 1 1 1 
2 28 4 6 1 1 1 
2 18 6 13 1 1 1 
2 11 0 9 1 1 1 
2 28 2 12 1 1 1 
2 7 0 7 1 1 1 
2 19 4 13 1 1 1 
2 15 1 13 1 1 1 
2 6 1 13 1 1 1 
2 28 4 8 1 1 1 
2 4 0 11 1 1 1 
2 15 0 9 1 1 1 
2 28 2 5 1 1 1 
2 14 0 5 1 1 1 
2 5 7 13 1 1 1 
2 14 7 13 1 1 1 
2 8 0 4 1 1 1 
2 4 7 7 1 1 1 
2 12 0 7 1 1 1 
2 28 4 5 1 1 1 
2 9 0 9 1 1 1 
2 17 3 13 1 1 1 
2 10 0 8 1 1 1 
2 22 0 9 1 1 1 
2 18 4 13 1 1 1 
2 25 0 5 1 1 1 
2 14 0 7 1 1 1 
2 13 1 12 1 1 1 
2 4 6 8 1 1 1 
2 15 0 12 1 1 1 
2 4 2 11 1 1 1 
2 18 5 13 1 1 1 
7 22 5 11 1 1 1 11 
2 17 0 5 1 1 1 
2 12 0 11 1 1 1 
2 28 7 10 1 1 1 
2 28 6 13 1 1 1 
2 16 0 10 1 1 1 
2 17 2 13 1 1 1 
2 4 6 6 1 1 1 
2 14 1 13 1 1 1 
2 26 0 6 1 1 1 
2 16 4 13 1 1 1 
2 4 0 5 1 1 1 
2 10 3 8 1 1 1 
2 26 0 12 1 1 1 
2 4 2 13 1 1 1 
2 19 6 13 1 1 1 
2 13 2 13 1 1 1 
2 4 4 10 1 1 1 
2 9 0 7 1 1 1 
2 4 7 11 1 1 1 
2 19 0 5 1 1 1 
2 16 2 13 1 1 1 
2 9 2 13 1 1 1 
2 10 7 9 1 1 1 
2 10 6 8 1 1 1 
2 26 1 5 1 1 1 
2 5 0 9 1 1 1 
2 6 0 8 1 1 1 
2 5 0 7 1 1 1 
2 25 1 13 1 1 1 
2 16 3 13 1 1 1 
2 16 0 8 1 1 1 
2 23 4 13 1 1 1 
2 11 0 11 1 1 1 
2 10 2 11 1 1 1 
2 10 2 13 1 1 1 
2 4 1 9 1 1 1 
2 11 0 5 1 1 1 
2 10 7 10 1 1 1 
2 7 0 10 1 1 1 
2 16 1 13 1 1 1 
2 4 0 8 1 1 1 
2 26 0 5 1 1 1 
2 28 1 13 1 1 1 
10 14 2 11 1 1 1 -90 
2 16 0 9 1 1 1 
2 27 1 5 1 1 1 
2 7 4 13 1 1 1 
2 28 7 13 1 1 1 
2 28 1 9 1 1 1 
2 17 1 13 1 1 1 
2 8 0 11 1 1 1 
2 26 4 10 1 1 1 
2 10 0 5 1 1 1 
2 28 4 10 1 1 1 
2 14 0 8 1 1 1 
2 4 4 12 1 1 1 
2 21 7 13 1 1 1 
2 25 4 13 1 1 1 
2 10 4 11 1 1 1 
2 28 5 8 1 1 1 
2 8 4 13 1 1 1 
2 10 3 10 1 1 1 
2 12 0 9 1 1 1 
2 28 0 12 1 1 1 
2 25 4 11 1 1 1 
2 11 0 6 1 1 1 
2 23 0 5 1 1 1 
2 19 0 11 1 1 1 
2 26 5 13 1 1 1 
2 28 3 9 1 1 1 
2 27 0 8 1 1 1 
2 5 1 5 1 1 1 
2 27 0 10 1 1 1 
2 15 0 5 1 1 1 
2 28 3 8 1 1 1 
2 17 5 13 1 1 1 
2 14 0 6 1 1 1 
2 4 1 5 1 1 1 
2 15 0 6 1 1 1 
2 4 4 8 1 1 1 
2 10 0 7 1 1 1 
2 14 0 10 1 1 1 
2 17 0 12 1 1 1 
10 12 1 9 1 1 1 180 
2 9 6 13 1 1 1 
2 21 0 5 1 1 1 
2 4 3 10 1 1 1 
2 10 1 5 1 1 1 
2 24 7 13 1 1 1 
2 20 4 13 1 1 1 
2 4 4 6 1 1 1 
2 20 4 11 1 1 1 
2 28 0 9 1 1 1 
2 27 0 9 1 1 1 
2 26 0 9 1 1 1 
2 4 0 10 1 1 1 
2 18 0 5 1 1 1 
2 10 5 10 1 1 1 
2 18 1 5 1 1 1 
2 23 3 13 1 1 1 
2 17 0 9 1 1 1 
2 12 1 13 1 1 1 
2 21 4 12 1 1 1 
2 20 0 9 1 1 1 
2 5 1 9 1 1 1 
2 21 5 13 1 1 1 
2 22 0 7 1 1 1 
2 24 0 7 1 1 1 
2 16 0 11 1 1 1 
2 4 3 11 1 1 1 
2 4 2 12 1 1 1 
2 17 0 10 1 1 1 
2 10 6 10 1 1 1 
2 23 0 7 1 1 1 
2 24 0 8 1 1 1 
2 15 5 13 1 1 1 
2 28 5 13 1 1 1 
2 4 3 8 1 1 1 
2 6 3 13 1 1 1 
2 13 1 5 1 1 1 
2 22 4 12 1 1 1 
2 4 6 12 1 1 1 
2 13 0 11 1 1 1 
2 28 1 12 1 1 1 
2 8 1 13 1 1 1 
2 18 1 13 1 1 1 
2 28 3 7 1 1 1 
2 24 2 13 1 1 1 
2 6 1 5 1 1 1 
2 12 0 6 1 1 1 
2 9 1 13 1 1 1 
2 26 0 10 1 1 1 
2 4 6 9 1 1 1 
2 17 4 13 1 1 1 
2 28 7 12 1 1 1 
2 4 7 13 1 1 1 
2 13 7 13 1 1 1 
2 10 5 9 1 1 1 
2 22 3 13 1 1 1 
2 16 0 5 1 1 1 
2 21 0 9 1 1 1 
2 10 0 10 1 1 1 
2 19 0 10 1 1 1 
2 24 1 5 1 1 1 
2 20 0 12 1 1 1 
2 12 0 8 1 1 1 
2 24 0 11 1 1 1 
2 10 3 11 1 1 1 
2 28 4 13 1 1 1 
2 18 0 8 1 1 1 
2 10 7 12 1 1 1 
2 25 6 13 1 1 1 
4 26 5 13 1 1 1 17 ( 14 ) 
2 11 4 13 1 1 1 
2 28 0 7 1 1 1 
2 12 1 5 1 1 1 
2 14 0 11 1 1 1 
2 6 5 13 1 1 1 
2 7 0 8 1 1 1 
2 20 4 12 1 1 1 
2 25 4 12 1 1 1 
2 28 7 8 1 1 1 
2 24 1 13 1 1 1 
2 24 0 6 1 1 1 
2 18 3 13 1 1 1 
2 13 5 13 1 1 1 
2 18 0 6 1 1 1 
2 24 3 13 1 1 1 
2 26 0 7 1 1 1 
2 14 4 13 1 1 1 
2 17 0 6 1 1 1 
2 27 1 13 1 1 1 
2 4 0 12 1 1 1 
2 22 7 13 1 1 1 
2 4 0 9 1 1 1 
2 6 0 5 1 1 1 
2 14 5 13 1 1 1 
2 28 3 6 1 1 1 
2 10 2 9 1 1 1 
2 16 0 6 1 1 1 
2 10 6 12 1 1 1 
2 4 4 13 1 1 1 
2 26 0 11 1 1 1 
2 4 1 6 1 1 1 
2 4 1 13 1 1 1 
2 26 7 13 1 1 1 
2 4 3 7 1 1 1 
2 15 3 13 1 1 1 
2 4 1 12 1 1 1 
2 9 1 9 1 1 1 
2 4 3 6 1 1 1 
2 13 1 11 1 1 1 
2 17 0 8 1 1 1 
2 25 0 7 1 1 1 
2 9 3 13 1 1 1 
2 20 0 11 1 1 1 
2 14 0 9 1 1 1 
2 23 5 13 1 1 1 
2 7 1 11 1 1 1 
5 7 1 11 1 1 1 5 ( 3 ) 
3 8 1 4 1 1 1 1 
2 18 0 12 1 1 1 
2 21 0 7 1 1 1 
2 12 1 12 1 1 1 
2 10 3 12 1 1 1 
2 6 4 13 1 1 1 
2 6 0 10 1 1 1 
2 22 4 13 1 1 1 
2 4 2 10 1 1 1 
7 22 5 10 1 1 1 12 
2 9 0 10 1 1 1 
2 22 4 11 1 1 1 
2 10 5 13 1 1 1 
2 20 3 13 1 1 1 
2 21 1 5 1 1 1 
2 28 1 10 1 1 1 
2 28 7 5 1 1 1 
2 27 4 13 1 1 1 
2 10 1 12 1 1 1 
2 23 2 13 1 1 1 
2 10 6 11 1 1 1 
2 26 4 12 1 1 1 
2 13 0 7 1 1 1 
2 19 0 9 1 1 1 
2 4 5 10 1 1 1 
2 10 1 6 1 1 1 
2 5 0 12 1 1 1 
2 24 4 11 1 1 1 
2 25 1 5 1 1 1 
2 7 3 13 1 1 1 
2 18 2 13 1 1 1 
2 12 0 5 1 1 1 
2 28 4 7 1 1 1 
2 25 0 9 1 1 1 
2 19 0 7 1 1 1 
2 23 1 13 1 1 1 
2 15 7 13 1 1 1 
2 28 6 12 1 1 1 
7 22 5 12 1 1 1 10 
2 23 6 13 1 1 1 
2 12 0 10 1 1 1 
2 22 5 13 1 1 1 
2 16 5 13 1 1 1 
2 28 2 7 1 1 1 
2 25 0 8 1 1 1 
2 28 5 10 1 1 1 
2 21 6 13 1 1 1 
2 10 5 12 1 1 1 
2 17 0 7 1 1 1 
2 24 4 10 1 1 1 
2 20 6 13 1 1 1 
2 12 4 13 1 1 1 
2 25 7 13 1 1 1 
2 28 0 11 1 1 1 
2 25 2 13 1 1 1 
2 10 4 9 1 1 1 
2 22 2 13 1 1 1 
2 8 0 10 1 1 1 
2 8 0 7 1 1 1 
2 8 0 12 1 1 1 
2 28 1 5 1 1 1 
14 0 1 0 1 1 1 Level2.txt 1 ( 19 ) 
2 20 0 6 1 1 1 
2 10 7 11 1 1 1 
2 6 0 6 1 1 1 
