4 23 1 0 1 1 1 2 ( 1 ) 
2 20 1 0 1 1 1 
2 22 1 0 1 1 1 
6 21 1 0 1 1 1 1 ( 1 ) 
2 20 3 0 1 1 1 
2 21 3 0 1 1 1 
2 22 3 0 1 1 1 
2 20 4 0 1 1 1 
2 21 4 0 1 1 1 
2 22 4 0 1 1 1 
2 0 6 0 1 1 1 
2 1 6 0 1 1 1 
2 2 6 0 1 1 1 
2 3 6 0 1 1 1 
2 4 6 0 1 1 1 
2 5 6 0 1 1 1 
2 6 6 0 1 1 1 
2 7 6 0 1 1 1 
2 8 6 0 1 1 1 
2 17 6 0 1 1 1 
2 16 6 0 1 1 1 
2 15 6 0 1 1 1 
2 14 6 0 1 1 1 
2 13 6 0 1 1 1 
2 12 6 0 1 1 1 
2 11 6 0 1 1 1 
2 10 6 0 1 1 1 
2 9 6 0 1 1 1 
2 26 6 0 1 1 1 
2 25 6 0 1 1 1 
2 24 6 0 1 1 1 
2 23 6 0 1 1 1 
2 22 7 0 1 1 1 
2 21 7 0 1 1 1 
2 20 7 0 1 1 1 
2 19 6 0 1 1 1 
2 18 6 0 1 1 1 
2 35 6 0 1 1 1 
2 34 6 0 1 1 1 
2 33 6 0 1 1 1 
2 32 6 0 1 1 1 
2 31 6 0 1 1 1 
2 30 6 0 1 1 1 
2 29 6 0 1 1 1 
2 28 6 0 1 1 1 
2 27 6 0 1 1 1 
2 36 6 0 1 1 1 
2 37 6 0 1 1 1 
2 38 6 0 1 1 1 
2 39 6 0 1 1 1 
2 40 6 0 1 1 1 
2 41 6 0 1 1 1 
2 42 6 0 1 1 1 
2 43 6 0 1 1 1 
2 44 6 0 1 1 1 
2 44 7 0 1 1 1 
2 43 7 0 1 1 1 
2 42 7 0 1 1 1 
2 41 7 0 1 1 1 
2 40 7 0 1 1 1 
2 39 7 0 1 1 1 
2 38 7 0 1 1 1 
2 37 7 0 1 1 1 
2 36 7 0 1 1 1 
2 27 7 0 1 1 1 
2 28 7 0 1 1 1 
2 29 7 0 1 1 1 
2 30 7 0 1 1 1 
2 31 7 0 1 1 1 
2 32 7 0 1 1 1 
2 33 7 0 1 1 1 
2 34 7 0 1 1 1 
2 35 7 0 1 1 1 
2 18 7 0 1 1 1 
2 19 7 0 1 1 1 
2 23 7 0 1 1 1 
2 24 7 0 1 1 1 
2 25 7 0 1 1 1 
2 26 7 0 1 1 1 
2 9 7 0 1 1 1 
2 10 7 0 1 1 1 
2 11 7 0 1 1 1 
2 12 7 0 1 1 1 
2 13 7 0 1 1 1 
2 14 7 0 1 1 1 
2 15 7 0 1 1 1 
2 16 7 0 1 1 1 
2 17 7 0 1 1 1 
2 8 7 0 1 1 1 
2 7 7 0 1 1 1 
2 6 7 0 1 1 1 
2 5 7 0 1 1 1 
2 4 7 0 1 1 1 
2 3 7 0 1 1 1 
2 2 7 0 1 1 1 
2 1 7 0 1 1 1 
2 0 7 0 1 1 1 
2 0 4 0 1 1 1 
2 1 4 0 1 1 1 
2 2 4 0 1 1 1 
2 3 4 0 1 1 1 
2 4 4 0 1 1 1 
2 5 4 0 1 1 1 
2 6 4 0 1 1 1 
2 7 4 0 1 1 1 
2 8 4 0 1 1 1 
2 17 4 0 1 1 1 
2 16 4 0 1 1 1 
2 15 4 0 1 1 1 
2 14 4 0 1 1 1 
2 13 4 0 1 1 1 
2 12 4 0 1 1 1 
2 11 4 0 1 1 1 
2 10 4 0 1 1 1 
2 9 4 0 1 1 1 
2 26 4 0 1 1 1 
2 25 4 0 1 1 1 
2 24 4 0 1 1 1 
2 23 4 0 1 1 1 
2 22 6 0 1 1 1 
2 21 6 0 1 1 1 
2 20 6 0 1 1 1 
2 19 4 0 1 1 1 
2 18 4 0 1 1 1 
2 35 4 0 1 1 1 
2 34 4 0 1 1 1 
2 33 4 0 1 1 1 
2 32 4 0 1 1 1 
2 31 4 0 1 1 1 
2 30 4 0 1 1 1 
2 29 4 0 1 1 1 
2 28 4 0 1 1 1 
2 27 4 0 1 1 1 
2 36 4 0 1 1 1 
2 37 4 0 1 1 1 
2 38 4 0 1 1 1 
2 39 4 0 1 1 1 
2 40 4 0 1 1 1 
2 41 4 0 1 1 1 
2 42 4 0 1 1 1 
2 43 4 0 1 1 1 
2 44 4 0 1 1 1 
2 44 5 0 1 1 1 
2 43 5 0 1 1 1 
2 42 5 0 1 1 1 
2 41 5 0 1 1 1 
2 40 5 0 1 1 1 
2 39 5 0 1 1 1 
2 38 5 0 1 1 1 
2 37 5 0 1 1 1 
2 36 5 0 1 1 1 
2 27 5 0 1 1 1 
2 28 5 0 1 1 1 
2 29 5 0 1 1 1 
2 30 5 0 1 1 1 
2 31 5 0 1 1 1 
2 32 5 0 1 1 1 
2 33 5 0 1 1 1 
2 34 5 0 1 1 1 
2 35 5 0 1 1 1 
2 18 5 0 1 1 1 
2 19 5 0 1 1 1 
2 23 5 0 1 1 1 
2 24 5 0 1 1 1 
2 25 5 0 1 1 1 
2 26 5 0 1 1 1 
2 9 5 0 1 1 1 
2 10 5 0 1 1 1 
2 11 5 0 1 1 1 
2 12 5 0 1 1 1 
2 13 5 0 1 1 1 
2 14 5 0 1 1 1 
2 15 5 0 1 1 1 
2 16 5 0 1 1 1 
2 17 5 0 1 1 1 
2 8 5 0 1 1 1 
2 7 5 0 1 1 1 
2 6 5 0 1 1 1 
2 5 5 0 1 1 1 
2 4 5 0 1 1 1 
2 3 5 0 1 1 1 
2 2 5 0 1 1 1 
2 1 5 0 1 1 1 
2 0 5 0 1 1 1 
2 0 2 0 1 1 1 
2 1 2 0 1 1 1 
2 2 2 0 1 1 1 
2 3 2 0 1 1 1 
2 4 2 0 1 1 1 
2 5 2 0 1 1 1 
2 6 2 0 1 1 1 
2 7 2 0 1 1 1 
2 8 2 0 1 1 1 
2 17 2 0 1 1 1 
2 16 2 0 1 1 1 
2 15 2 0 1 1 1 
2 14 2 0 1 1 1 
2 13 2 0 1 1 1 
2 12 2 0 1 1 1 
2 11 2 0 1 1 1 
2 10 2 0 1 1 1 
2 9 2 0 1 1 1 
2 26 2 0 1 1 1 
2 25 2 0 1 1 1 
2 24 2 0 1 1 1 
2 23 2 0 1 1 1 
2 22 5 0 1 1 1 
2 21 5 0 1 1 1 
2 20 5 0 1 1 1 
2 19 2 0 1 1 1 
2 18 2 0 1 1 1 
2 35 2 0 1 1 1 
2 34 2 0 1 1 1 
2 33 2 0 1 1 1 
2 32 2 0 1 1 1 
2 31 2 0 1 1 1 
2 30 2 0 1 1 1 
2 29 2 0 1 1 1 
2 28 2 0 1 1 1 
2 27 2 0 1 1 1 
2 36 2 0 1 1 1 
2 37 2 0 1 1 1 
2 38 2 0 1 1 1 
2 39 2 0 1 1 1 
2 40 2 0 1 1 1 
2 41 2 0 1 1 1 
2 42 2 0 1 1 1 
2 43 2 0 1 1 1 
2 44 2 0 1 1 1 
2 44 3 0 1 1 1 
2 43 3 0 1 1 1 
2 42 3 0 1 1 1 
2 41 3 0 1 1 1 
2 40 3 0 1 1 1 
2 39 3 0 1 1 1 
2 38 3 0 1 1 1 
2 37 3 0 1 1 1 
2 36 3 0 1 1 1 
2 27 3 0 1 1 1 
2 28 3 0 1 1 1 
2 29 3 0 1 1 1 
2 30 3 0 1 1 1 
2 31 3 0 1 1 1 
2 32 3 0 1 1 1 
2 33 3 0 1 1 1 
2 34 3 0 1 1 1 
2 35 3 0 1 1 1 
2 18 3 0 1 1 1 
2 19 3 0 1 1 1 
2 23 3 0 1 1 1 
2 24 3 0 1 1 1 
2 25 3 0 1 1 1 
2 26 3 0 1 1 1 
2 9 3 0 1 1 1 
2 10 3 0 1 1 1 
2 11 3 0 1 1 1 
2 12 3 0 1 1 1 
2 13 3 0 1 1 1 
2 14 3 0 1 1 1 
2 15 3 0 1 1 1 
2 16 3 0 1 1 1 
2 17 3 0 1 1 1 
2 8 3 0 1 1 1 
2 7 3 0 1 1 1 
2 6 3 0 1 1 1 
2 5 3 0 1 1 1 
2 4 3 0 1 1 1 
2 3 3 0 1 1 1 
2 2 3 0 1 1 1 
2 1 3 0 1 1 1 
2 0 3 0 1 1 1 
2 3 2 21 1 1 1 
2 2 2 21 1 1 1 
2 2 1 21 1 1 1 
2 3 1 21 1 1 1 
2 2 2 20 1 1 1 
2 3 2 20 1 1 1 
2 2 2 19 1 1 1 
2 3 2 19 1 1 1 
2 3 1 19 1 1 1 
2 2 1 19 1 1 1 
2 3 1 20 1 1 1 
2 2 1 20 1 1 1 
2 2 2 23 1 1 1 
2 3 2 23 1 1 1 
2 2 2 22 1 1 1 
2 3 2 22 1 1 1 
2 3 1 22 1 1 1 
2 2 1 22 1 1 1 
2 3 1 23 1 1 1 
2 2 1 23 1 1 1 
2 15 2 21 1 1 1 
2 14 2 21 1 1 1 
2 15 2 20 1 1 1 
2 14 2 20 1 1 1 
2 14 1 20 1 1 1 
2 15 1 20 1 1 1 
2 14 1 21 1 1 1 
2 15 1 21 1 1 1 
2 14 2 19 1 1 1 
2 15 2 19 1 1 1 
2 14 2 18 1 1 1 
2 15 2 18 1 1 1 
2 15 1 18 1 1 1 
2 14 1 18 1 1 1 
2 15 1 19 1 1 1 
2 14 1 19 1 1 1 
2 28 1 21 1 1 1 
2 29 1 21 1 1 1 
2 28 1 20 1 1 1 
2 29 1 20 1 1 1 
2 29 2 20 1 1 1 
2 28 2 20 1 1 1 
2 29 2 21 1 1 1 
2 28 2 21 1 1 1 
2 29 1 22 1 1 1 
2 28 1 22 1 1 1 
2 28 2 22 1 1 1 
2 29 2 22 1 1 1 
2 30 1 24 1 1 1 
2 31 1 24 1 1 1 
2 31 2 24 1 1 1 
2 30 2 24 1 1 1 
2 31 1 25 1 1 1 
2 30 1 25 1 1 1 
2 30 2 25 1 1 1 
2 31 2 25 1 1 1 
2 4 1 23 1 1 1 
2 5 1 23 1 1 1 
2 4 1 22 1 1 1 
2 5 1 22 1 1 1 
2 5 2 22 1 1 1 
2 4 2 22 1 1 1 
2 5 2 23 1 1 1 
2 4 2 23 1 1 1 
2 4 1 20 1 1 1 
2 5 1 20 1 1 1 
2 4 1 19 1 1 1 
2 5 1 19 1 1 1 
2 5 2 19 1 1 1 
2 4 2 19 1 1 1 
2 5 2 20 1 1 1 
2 4 2 20 1 1 1 
2 5 1 21 1 1 1 
2 4 1 21 1 1 1 
2 4 2 21 1 1 1 
2 5 2 21 1 1 1 
2 27 2 22 1 1 1 
2 26 2 22 1 1 1 
2 26 1 22 1 1 1 
2 27 1 22 1 1 1 
2 26 2 21 1 1 1 
2 27 2 21 1 1 1 
2 26 2 20 1 1 1 
2 27 2 20 1 1 1 
2 27 1 20 1 1 1 
2 26 1 20 1 1 1 
2 27 1 21 1 1 1 
2 26 1 21 1 1 1 
2 15 1 26 1 1 1 
2 14 1 26 1 1 1 
2 14 2 26 1 1 1 
2 15 2 26 1 1 1 
2 17 2 25 1 1 1 
2 16 2 25 1 1 1 
2 17 2 24 1 1 1 
2 16 2 24 1 1 1 
2 16 1 24 1 1 1 
2 17 1 24 1 1 1 
2 16 1 25 1 1 1 
2 17 1 25 1 1 1 
2 15 2 25 1 1 1 
2 14 2 25 1 1 1 
2 15 2 24 1 1 1 
2 14 2 24 1 1 1 
2 14 1 24 1 1 1 
2 15 1 24 1 1 1 
2 14 1 25 1 1 1 
2 15 1 25 1 1 1 
2 16 1 19 1 1 1 
2 17 1 19 1 1 1 
2 16 1 18 1 1 1 
2 17 1 18 1 1 1 
2 17 2 18 1 1 1 
2 16 2 18 1 1 1 
2 17 2 19 1 1 1 
2 16 2 19 1 1 1 
2 17 1 21 1 1 1 
2 16 1 21 1 1 1 
2 17 1 20 1 1 1 
2 16 1 20 1 1 1 
2 16 2 20 1 1 1 
2 17 2 20 1 1 1 
2 16 2 21 1 1 1 
2 17 2 21 1 1 1 
2 24 1 7 1 1 1 
2 23 1 7 1 1 1 
2 24 1 6 1 1 1 
2 23 1 6 1 1 1 
2 23 2 6 1 1 1 
2 24 2 6 1 1 1 
2 23 2 7 1 1 1 
2 24 2 7 1 1 1 
2 3 0 22 1 1 1 
2 2 0 22 1 1 1 
2 0 0 22 1 1 1 
2 1 0 22 1 1 1 
2 9 0 22 1 1 1 
2 8 0 22 1 1 1 
2 10 0 22 1 1 1 
2 11 0 22 1 1 1 
2 7 0 22 1 1 1 
2 6 0 22 1 1 1 
2 4 0 22 1 1 1 
2 5 0 22 1 1 1 
2 12 0 22 1 1 1 
2 12 0 23 1 1 1 
2 5 0 23 1 1 1 
2 4 0 23 1 1 1 
2 6 0 23 1 1 1 
2 7 0 23 1 1 1 
2 11 0 23 1 1 1 
2 10 0 23 1 1 1 
2 8 0 23 1 1 1 
2 9 0 23 1 1 1 
2 1 0 23 1 1 1 
2 0 0 23 1 1 1 
2 2 0 23 1 1 1 
2 3 0 23 1 1 1 
2 12 0 24 1 1 1 
2 5 0 24 1 1 1 
2 4 0 24 1 1 1 
2 6 0 24 1 1 1 
2 7 0 24 1 1 1 
2 11 0 24 1 1 1 
2 10 0 24 1 1 1 
2 8 0 24 1 1 1 
2 9 0 24 1 1 1 
2 1 0 24 1 1 1 
2 0 0 24 1 1 1 
2 2 0 24 1 1 1 
2 3 0 24 1 1 1 
2 12 0 25 1 1 1 
2 5 0 25 1 1 1 
2 4 0 25 1 1 1 
2 6 0 25 1 1 1 
2 7 0 25 1 1 1 
2 11 0 25 1 1 1 
2 10 0 25 1 1 1 
2 8 0 25 1 1 1 
2 9 0 25 1 1 1 
2 1 0 25 1 1 1 
2 0 0 25 1 1 1 
2 2 0 25 1 1 1 
2 3 0 25 1 1 1 
2 12 0 26 1 1 1 
2 5 0 26 1 1 1 
2 4 0 26 1 1 1 
2 6 0 26 1 1 1 
2 7 0 26 1 1 1 
2 11 0 26 1 1 1 
2 10 0 26 1 1 1 
2 8 0 26 1 1 1 
2 9 0 26 1 1 1 
2 1 0 26 1 1 1 
2 0 0 26 1 1 1 
2 2 0 26 1 1 1 
2 3 0 26 1 1 1 
2 12 0 27 1 1 1 
2 5 0 27 1 1 1 
2 4 0 27 1 1 1 
2 6 0 27 1 1 1 
2 7 0 27 1 1 1 
2 11 0 27 1 1 1 
2 10 0 27 1 1 1 
2 8 0 27 1 1 1 
2 9 0 27 1 1 1 
2 1 0 27 1 1 1 
2 0 0 27 1 1 1 
2 2 0 27 1 1 1 
2 3 0 27 1 1 1 
2 12 0 28 1 1 1 
2 5 0 28 1 1 1 
2 4 0 28 1 1 1 
2 6 0 28 1 1 1 
2 7 0 28 1 1 1 
2 11 0 28 1 1 1 
2 10 0 28 1 1 1 
2 8 0 28 1 1 1 
2 9 0 28 1 1 1 
2 1 0 28 1 1 1 
2 0 0 28 1 1 1 
2 2 0 28 1 1 1 
2 3 0 28 1 1 1 
2 31 0 22 1 1 1 
2 30 0 22 1 1 1 
2 32 0 22 1 1 1 
2 33 0 22 1 1 1 
2 37 0 22 1 1 1 
2 36 0 22 1 1 1 
2 34 0 22 1 1 1 
2 35 0 22 1 1 1 
2 43 0 22 1 1 1 
2 42 0 22 1 1 1 
2 44 0 22 1 1 1 
2 41 0 22 1 1 1 
2 40 0 22 1 1 1 
2 38 0 22 1 1 1 
2 39 0 22 1 1 1 
2 39 0 23 1 1 1 
2 38 0 23 1 1 1 
2 40 0 23 1 1 1 
2 41 0 23 1 1 1 
2 44 0 23 1 1 1 
2 42 0 23 1 1 1 
2 43 0 23 1 1 1 
2 35 0 23 1 1 1 
2 34 0 23 1 1 1 
2 36 0 23 1 1 1 
2 37 0 23 1 1 1 
2 33 0 23 1 1 1 
2 32 0 23 1 1 1 
2 30 0 23 1 1 1 
2 31 0 23 1 1 1 
2 39 0 24 1 1 1 
2 38 0 24 1 1 1 
2 40 0 24 1 1 1 
2 41 0 24 1 1 1 
2 44 0 24 1 1 1 
2 42 0 24 1 1 1 
2 43 0 24 1 1 1 
2 35 0 24 1 1 1 
2 34 0 24 1 1 1 
2 36 0 24 1 1 1 
2 37 0 24 1 1 1 
2 33 0 24 1 1 1 
2 32 0 24 1 1 1 
2 30 0 24 1 1 1 
2 31 0 24 1 1 1 
2 39 0 25 1 1 1 
2 38 0 25 1 1 1 
2 40 0 25 1 1 1 
2 41 0 25 1 1 1 
2 44 0 25 1 1 1 
2 42 0 25 1 1 1 
2 43 0 25 1 1 1 
2 35 0 25 1 1 1 
2 34 0 25 1 1 1 
2 36 0 25 1 1 1 
2 37 0 25 1 1 1 
2 33 0 25 1 1 1 
2 32 0 25 1 1 1 
2 30 0 25 1 1 1 
2 31 0 25 1 1 1 
2 39 0 26 1 1 1 
2 38 0 26 1 1 1 
2 40 0 26 1 1 1 
2 41 0 26 1 1 1 
2 44 0 26 1 1 1 
2 42 0 26 1 1 1 
2 43 0 26 1 1 1 
2 35 0 26 1 1 1 
2 34 0 26 1 1 1 
2 36 0 26 1 1 1 
2 37 0 26 1 1 1 
2 33 0 26 1 1 1 
2 32 0 26 1 1 1 
2 30 0 26 1 1 1 
2 31 0 26 1 1 1 
2 39 0 27 1 1 1 
2 38 0 27 1 1 1 
2 40 0 27 1 1 1 
2 41 0 27 1 1 1 
2 44 0 27 1 1 1 
2 42 0 27 1 1 1 
2 43 0 27 1 1 1 
2 35 0 27 1 1 1 
2 34 0 27 1 1 1 
2 36 0 27 1 1 1 
2 37 0 27 1 1 1 
2 33 0 27 1 1 1 
2 32 0 27 1 1 1 
2 30 0 27 1 1 1 
2 31 0 27 1 1 1 
2 39 0 28 1 1 1 
2 38 0 28 1 1 1 
2 40 0 28 1 1 1 
2 41 0 28 1 1 1 
2 44 0 28 1 1 1 
2 42 0 28 1 1 1 
2 43 0 28 1 1 1 
2 35 0 28 1 1 1 
2 34 0 28 1 1 1 
2 36 0 28 1 1 1 
2 37 0 28 1 1 1 
2 33 0 28 1 1 1 
2 32 0 28 1 1 1 
2 30 0 28 1 1 1 
2 31 0 28 1 1 1 
2 14 0 28 1 1 1 
2 13 0 28 1 1 1 
2 15 0 28 1 1 1 
2 16 0 28 1 1 1 
2 20 0 28 1 1 1 
2 19 0 28 1 1 1 
2 17 0 28 1 1 1 
2 18 0 28 1 1 1 
2 26 0 28 1 1 1 
2 25 0 28 1 1 1 
2 27 0 28 1 1 1 
2 28 0 28 1 1 1 
2 24 0 28 1 1 1 
2 23 0 28 1 1 1 
2 21 0 28 1 1 1 
2 22 0 28 1 1 1 
2 29 0 28 1 1 1 
2 14 0 27 1 1 1 
2 13 0 27 1 1 1 
2 15 0 27 1 1 1 
2 16 0 27 1 1 1 
2 20 0 27 1 1 1 
2 19 0 27 1 1 1 
2 17 0 27 1 1 1 
2 18 0 27 1 1 1 
2 26 0 27 1 1 1 
2 25 0 27 1 1 1 
2 27 0 27 1 1 1 
2 28 0 27 1 1 1 
2 24 0 27 1 1 1 
2 23 0 27 1 1 1 
2 21 0 27 1 1 1 
2 22 0 27 1 1 1 
2 29 0 27 1 1 1 
2 14 0 26 1 1 1 
2 13 0 26 1 1 1 
2 15 0 26 1 1 1 
2 16 0 26 1 1 1 
2 20 0 26 1 1 1 
2 19 0 26 1 1 1 
2 17 0 26 1 1 1 
2 18 0 26 1 1 1 
2 26 0 26 1 1 1 
2 25 0 26 1 1 1 
2 27 0 26 1 1 1 
2 28 0 26 1 1 1 
2 24 0 26 1 1 1 
2 23 0 26 1 1 1 
2 21 0 26 1 1 1 
2 22 0 26 1 1 1 
2 29 0 26 1 1 1 
2 14 0 25 1 1 1 
2 13 0 25 1 1 1 
2 15 0 25 1 1 1 
2 16 0 25 1 1 1 
2 20 0 25 1 1 1 
2 19 0 25 1 1 1 
2 17 0 25 1 1 1 
2 18 0 25 1 1 1 
2 26 0 25 1 1 1 
2 25 0 25 1 1 1 
2 27 0 25 1 1 1 
2 28 0 25 1 1 1 
2 24 0 25 1 1 1 
2 23 0 25 1 1 1 
2 21 0 25 1 1 1 
2 22 0 25 1 1 1 
2 29 0 25 1 1 1 
2 14 0 24 1 1 1 
2 13 0 24 1 1 1 
2 15 0 24 1 1 1 
2 16 0 24 1 1 1 
2 20 0 24 1 1 1 
2 19 0 24 1 1 1 
2 17 0 24 1 1 1 
2 18 0 24 1 1 1 
2 26 0 24 1 1 1 
2 25 0 24 1 1 1 
2 27 0 24 1 1 1 
2 28 0 24 1 1 1 
2 24 0 24 1 1 1 
2 23 0 24 1 1 1 
2 21 0 24 1 1 1 
2 22 0 24 1 1 1 
2 29 0 24 1 1 1 
2 14 0 23 1 1 1 
2 13 0 23 1 1 1 
2 15 0 23 1 1 1 
2 16 0 23 1 1 1 
2 20 0 23 1 1 1 
2 19 0 23 1 1 1 
2 17 0 23 1 1 1 
2 18 0 23 1 1 1 
2 26 0 23 1 1 1 
2 25 0 23 1 1 1 
2 27 0 23 1 1 1 
2 28 0 23 1 1 1 
2 24 0 23 1 1 1 
2 23 0 23 1 1 1 
2 21 0 23 1 1 1 
2 22 0 23 1 1 1 
2 29 0 23 1 1 1 
2 29 0 22 1 1 1 
2 22 0 22 1 1 1 
2 21 0 22 1 1 1 
2 23 0 22 1 1 1 
2 24 0 22 1 1 1 
2 28 0 22 1 1 1 
2 27 0 22 1 1 1 
2 25 0 22 1 1 1 
2 26 0 22 1 1 1 
2 18 0 22 1 1 1 
2 17 0 22 1 1 1 
2 19 0 22 1 1 1 
2 20 0 22 1 1 1 
2 16 0 22 1 1 1 
2 15 0 22 1 1 1 
2 13 0 22 1 1 1 
2 14 0 22 1 1 1 
2 14 0 15 1 1 1 
2 13 0 15 1 1 1 
2 15 0 15 1 1 1 
2 16 0 15 1 1 1 
2 20 0 15 1 1 1 
2 19 0 15 1 1 1 
2 17 0 15 1 1 1 
2 18 0 15 1 1 1 
2 26 0 15 1 1 1 
2 25 0 15 1 1 1 
2 27 0 15 1 1 1 
2 28 0 15 1 1 1 
2 24 0 15 1 1 1 
2 23 0 15 1 1 1 
2 21 0 15 1 1 1 
2 22 0 15 1 1 1 
2 29 0 15 1 1 1 
2 29 0 16 1 1 1 
2 22 0 16 1 1 1 
2 21 0 16 1 1 1 
2 23 0 16 1 1 1 
2 24 0 16 1 1 1 
2 28 0 16 1 1 1 
2 27 0 16 1 1 1 
2 25 0 16 1 1 1 
2 26 0 16 1 1 1 
2 18 0 16 1 1 1 
2 17 0 16 1 1 1 
2 19 0 16 1 1 1 
2 20 0 16 1 1 1 
2 16 0 16 1 1 1 
2 15 0 16 1 1 1 
2 13 0 16 1 1 1 
2 14 0 16 1 1 1 
2 29 0 17 1 1 1 
2 22 0 17 1 1 1 
2 21 0 17 1 1 1 
2 23 0 17 1 1 1 
2 24 0 17 1 1 1 
2 28 0 17 1 1 1 
2 27 0 17 1 1 1 
2 25 0 17 1 1 1 
2 26 0 17 1 1 1 
2 18 0 17 1 1 1 
2 17 0 17 1 1 1 
2 19 0 17 1 1 1 
2 20 0 17 1 1 1 
2 16 0 17 1 1 1 
2 15 0 17 1 1 1 
2 13 0 17 1 1 1 
2 14 0 17 1 1 1 
2 29 0 18 1 1 1 
2 22 0 18 1 1 1 
2 21 0 18 1 1 1 
2 23 0 18 1 1 1 
2 24 0 18 1 1 1 
2 28 0 18 1 1 1 
2 27 0 18 1 1 1 
2 25 0 18 1 1 1 
2 26 0 18 1 1 1 
2 18 0 18 1 1 1 
2 17 0 18 1 1 1 
2 19 0 18 1 1 1 
2 20 0 18 1 1 1 
2 16 0 18 1 1 1 
2 15 0 18 1 1 1 
2 13 0 18 1 1 1 
2 14 0 18 1 1 1 
2 29 0 19 1 1 1 
2 22 0 19 1 1 1 
2 21 0 19 1 1 1 
2 23 0 19 1 1 1 
2 24 0 19 1 1 1 
2 28 0 19 1 1 1 
2 27 0 19 1 1 1 
2 25 0 19 1 1 1 
2 26 0 19 1 1 1 
2 18 0 19 1 1 1 
2 17 0 19 1 1 1 
2 19 0 19 1 1 1 
2 20 0 19 1 1 1 
2 16 0 19 1 1 1 
2 15 0 19 1 1 1 
2 13 0 19 1 1 1 
2 14 0 19 1 1 1 
2 29 0 20 1 1 1 
2 22 0 20 1 1 1 
2 21 0 20 1 1 1 
2 23 0 20 1 1 1 
2 24 0 20 1 1 1 
2 28 0 20 1 1 1 
2 27 0 20 1 1 1 
2 25 0 20 1 1 1 
2 26 0 20 1 1 1 
2 18 0 20 1 1 1 
2 17 0 20 1 1 1 
2 19 0 20 1 1 1 
2 20 0 20 1 1 1 
2 16 0 20 1 1 1 
2 15 0 20 1 1 1 
2 13 0 20 1 1 1 
2 14 0 20 1 1 1 
2 29 0 21 1 1 1 
2 22 0 21 1 1 1 
2 21 0 21 1 1 1 
2 23 0 21 1 1 1 
2 24 0 21 1 1 1 
2 28 0 21 1 1 1 
2 27 0 21 1 1 1 
2 25 0 21 1 1 1 
2 26 0 21 1 1 1 
2 18 0 21 1 1 1 
2 17 0 21 1 1 1 
2 19 0 21 1 1 1 
2 20 0 21 1 1 1 
2 16 0 21 1 1 1 
2 15 0 21 1 1 1 
2 13 0 21 1 1 1 
2 14 0 21 1 1 1 
2 31 0 21 1 1 1 
2 30 0 21 1 1 1 
2 32 0 21 1 1 1 
2 33 0 21 1 1 1 
2 37 0 21 1 1 1 
2 36 0 21 1 1 1 
2 34 0 21 1 1 1 
2 35 0 21 1 1 1 
2 43 0 21 1 1 1 
2 42 0 21 1 1 1 
2 44 0 21 1 1 1 
2 41 0 21 1 1 1 
2 40 0 21 1 1 1 
2 38 0 21 1 1 1 
2 39 0 21 1 1 1 
2 31 0 20 1 1 1 
2 30 0 20 1 1 1 
2 32 0 20 1 1 1 
2 33 0 20 1 1 1 
2 37 0 20 1 1 1 
2 36 0 20 1 1 1 
2 34 0 20 1 1 1 
2 35 0 20 1 1 1 
2 43 0 20 1 1 1 
2 42 0 20 1 1 1 
2 44 0 20 1 1 1 
2 41 0 20 1 1 1 
2 40 0 20 1 1 1 
2 38 0 20 1 1 1 
2 39 0 20 1 1 1 
2 31 0 19 1 1 1 
2 30 0 19 1 1 1 
2 32 0 19 1 1 1 
2 33 0 19 1 1 1 
2 37 0 19 1 1 1 
2 36 0 19 1 1 1 
2 34 0 19 1 1 1 
2 35 0 19 1 1 1 
2 43 0 19 1 1 1 
2 42 0 19 1 1 1 
2 44 0 19 1 1 1 
2 41 0 19 1 1 1 
2 40 0 19 1 1 1 
2 38 0 19 1 1 1 
2 39 0 19 1 1 1 
2 31 0 18 1 1 1 
2 30 0 18 1 1 1 
2 32 0 18 1 1 1 
2 33 0 18 1 1 1 
2 37 0 18 1 1 1 
2 36 0 18 1 1 1 
2 34 0 18 1 1 1 
2 35 0 18 1 1 1 
2 43 0 18 1 1 1 
2 42 0 18 1 1 1 
2 44 0 18 1 1 1 
2 41 0 18 1 1 1 
2 40 0 18 1 1 1 
2 38 0 18 1 1 1 
2 39 0 18 1 1 1 
2 31 0 17 1 1 1 
2 30 0 17 1 1 1 
2 32 0 17 1 1 1 
2 33 0 17 1 1 1 
2 37 0 17 1 1 1 
2 36 0 17 1 1 1 
2 34 0 17 1 1 1 
2 35 0 17 1 1 1 
2 43 0 17 1 1 1 
2 42 0 17 1 1 1 
2 44 0 17 1 1 1 
2 41 0 17 1 1 1 
2 40 0 17 1 1 1 
2 38 0 17 1 1 1 
2 39 0 17 1 1 1 
2 31 0 16 1 1 1 
2 30 0 16 1 1 1 
2 32 0 16 1 1 1 
2 33 0 16 1 1 1 
2 37 0 16 1 1 1 
2 36 0 16 1 1 1 
2 34 0 16 1 1 1 
2 35 0 16 1 1 1 
2 43 0 16 1 1 1 
2 42 0 16 1 1 1 
2 44 0 16 1 1 1 
2 41 0 16 1 1 1 
2 40 0 16 1 1 1 
2 38 0 16 1 1 1 
2 39 0 16 1 1 1 
2 39 0 15 1 1 1 
2 38 0 15 1 1 1 
2 40 0 15 1 1 1 
2 41 0 15 1 1 1 
2 44 0 15 1 1 1 
2 42 0 15 1 1 1 
2 43 0 15 1 1 1 
2 35 0 15 1 1 1 
2 34 0 15 1 1 1 
2 36 0 15 1 1 1 
2 37 0 15 1 1 1 
2 33 0 15 1 1 1 
2 32 0 15 1 1 1 
2 30 0 15 1 1 1 
2 31 0 15 1 1 1 
2 3 0 21 1 1 1 
2 2 0 21 1 1 1 
2 0 0 21 1 1 1 
2 1 0 21 1 1 1 
2 9 0 21 1 1 1 
2 8 0 21 1 1 1 
2 10 0 21 1 1 1 
2 11 0 21 1 1 1 
2 7 0 21 1 1 1 
2 6 0 21 1 1 1 
2 4 0 21 1 1 1 
2 5 0 21 1 1 1 
2 12 0 21 1 1 1 
2 3 0 20 1 1 1 
2 2 0 20 1 1 1 
2 0 0 20 1 1 1 
2 1 0 20 1 1 1 
2 9 0 20 1 1 1 
2 8 0 20 1 1 1 
2 10 0 20 1 1 1 
2 11 0 20 1 1 1 
2 7 0 20 1 1 1 
2 6 0 20 1 1 1 
2 4 0 20 1 1 1 
2 5 0 20 1 1 1 
2 12 0 20 1 1 1 
2 3 0 19 1 1 1 
2 2 0 19 1 1 1 
2 0 0 19 1 1 1 
2 1 0 19 1 1 1 
2 9 0 19 1 1 1 
2 8 0 19 1 1 1 
2 10 0 19 1 1 1 
2 11 0 19 1 1 1 
2 7 0 19 1 1 1 
2 6 0 19 1 1 1 
2 4 0 19 1 1 1 
2 5 0 19 1 1 1 
2 12 0 19 1 1 1 
2 3 0 18 1 1 1 
2 2 0 18 1 1 1 
2 0 0 18 1 1 1 
2 1 0 18 1 1 1 
2 9 0 18 1 1 1 
2 8 0 18 1 1 1 
2 10 0 18 1 1 1 
2 11 0 18 1 1 1 
2 7 0 18 1 1 1 
2 6 0 18 1 1 1 
2 4 0 18 1 1 1 
2 5 0 18 1 1 1 
2 12 0 18 1 1 1 
2 3 0 17 1 1 1 
2 2 0 17 1 1 1 
2 0 0 17 1 1 1 
2 1 0 17 1 1 1 
2 9 0 17 1 1 1 
2 8 0 17 1 1 1 
2 10 0 17 1 1 1 
2 11 0 17 1 1 1 
2 7 0 17 1 1 1 
2 6 0 17 1 1 1 
2 4 0 17 1 1 1 
2 5 0 17 1 1 1 
2 12 0 17 1 1 1 
2 3 0 16 1 1 1 
2 2 0 16 1 1 1 
2 0 0 16 1 1 1 
2 1 0 16 1 1 1 
2 9 0 16 1 1 1 
2 8 0 16 1 1 1 
2 10 0 16 1 1 1 
2 11 0 16 1 1 1 
2 7 0 16 1 1 1 
2 6 0 16 1 1 1 
2 4 0 16 1 1 1 
2 5 0 16 1 1 1 
2 12 0 16 1 1 1 
2 12 0 15 1 1 1 
2 5 0 15 1 1 1 
2 4 0 15 1 1 1 
2 6 0 15 1 1 1 
2 7 0 15 1 1 1 
2 11 0 15 1 1 1 
2 10 0 15 1 1 1 
2 8 0 15 1 1 1 
2 9 0 15 1 1 1 
2 1 0 15 1 1 1 
2 0 0 15 1 1 1 
2 2 0 15 1 1 1 
2 3 0 15 1 1 1 
2 14 0 8 1 1 1 
2 13 0 8 1 1 1 
2 15 0 8 1 1 1 
2 16 0 8 1 1 1 
2 20 0 8 1 1 1 
2 19 0 8 1 1 1 
2 17 0 8 1 1 1 
2 18 0 8 1 1 1 
2 26 0 8 1 1 1 
2 25 0 8 1 1 1 
2 27 0 8 1 1 1 
2 28 0 8 1 1 1 
2 24 0 8 1 1 1 
2 23 0 8 1 1 1 
2 21 0 8 1 1 1 
2 22 0 8 1 1 1 
2 29 0 8 1 1 1 
2 29 0 9 1 1 1 
2 22 0 9 1 1 1 
2 21 0 9 1 1 1 
2 23 0 9 1 1 1 
2 24 0 9 1 1 1 
2 28 0 9 1 1 1 
2 27 0 9 1 1 1 
2 25 0 9 1 1 1 
2 26 0 9 1 1 1 
2 18 0 9 1 1 1 
2 17 0 9 1 1 1 
2 19 0 9 1 1 1 
2 20 0 9 1 1 1 
2 16 0 9 1 1 1 
2 15 0 9 1 1 1 
2 13 0 9 1 1 1 
2 14 0 9 1 1 1 
2 29 0 10 1 1 1 
2 22 0 10 1 1 1 
2 21 0 10 1 1 1 
2 23 0 10 1 1 1 
2 24 0 10 1 1 1 
2 28 0 10 1 1 1 
2 27 0 10 1 1 1 
2 25 0 10 1 1 1 
2 26 0 10 1 1 1 
2 18 0 10 1 1 1 
2 17 0 10 1 1 1 
2 19 0 10 1 1 1 
2 20 0 10 1 1 1 
2 16 0 10 1 1 1 
2 15 0 10 1 1 1 
2 13 0 10 1 1 1 
2 14 0 10 1 1 1 
2 29 0 11 1 1 1 
2 22 0 11 1 1 1 
2 21 0 11 1 1 1 
2 23 0 11 1 1 1 
2 24 0 11 1 1 1 
2 28 0 11 1 1 1 
2 27 0 11 1 1 1 
2 25 0 11 1 1 1 
2 26 0 11 1 1 1 
2 18 0 11 1 1 1 
2 17 0 11 1 1 1 
2 19 0 11 1 1 1 
2 20 0 11 1 1 1 
2 16 0 11 1 1 1 
2 15 0 11 1 1 1 
2 13 0 11 1 1 1 
2 14 0 11 1 1 1 
2 29 0 12 1 1 1 
2 22 0 12 1 1 1 
2 21 0 12 1 1 1 
2 23 0 12 1 1 1 
2 24 0 12 1 1 1 
2 28 0 12 1 1 1 
2 27 0 12 1 1 1 
2 25 0 12 1 1 1 
2 26 0 12 1 1 1 
2 18 0 12 1 1 1 
2 17 0 12 1 1 1 
2 19 0 12 1 1 1 
2 20 0 12 1 1 1 
2 16 0 12 1 1 1 
2 15 0 12 1 1 1 
2 13 0 12 1 1 1 
2 14 0 12 1 1 1 
2 29 0 13 1 1 1 
2 22 0 13 1 1 1 
2 21 0 13 1 1 1 
2 23 0 13 1 1 1 
2 24 0 13 1 1 1 
2 28 0 13 1 1 1 
2 27 0 13 1 1 1 
2 25 0 13 1 1 1 
2 26 0 13 1 1 1 
2 18 0 13 1 1 1 
2 17 0 13 1 1 1 
2 19 0 13 1 1 1 
2 20 0 13 1 1 1 
2 16 0 13 1 1 1 
2 15 0 13 1 1 1 
2 13 0 13 1 1 1 
2 14 0 13 1 1 1 
2 29 0 14 1 1 1 
2 22 0 14 1 1 1 
2 21 0 14 1 1 1 
2 23 0 14 1 1 1 
2 24 0 14 1 1 1 
2 28 0 14 1 1 1 
2 27 0 14 1 1 1 
2 25 0 14 1 1 1 
2 26 0 14 1 1 1 
2 18 0 14 1 1 1 
2 17 0 14 1 1 1 
2 19 0 14 1 1 1 
2 20 0 14 1 1 1 
2 16 0 14 1 1 1 
2 15 0 14 1 1 1 
2 13 0 14 1 1 1 
2 14 0 14 1 1 1 
2 31 0 14 1 1 1 
2 30 0 14 1 1 1 
2 32 0 14 1 1 1 
2 33 0 14 1 1 1 
2 37 0 14 1 1 1 
2 36 0 14 1 1 1 
2 34 0 14 1 1 1 
2 35 0 14 1 1 1 
2 43 0 14 1 1 1 
2 42 0 14 1 1 1 
2 44 0 14 1 1 1 
2 41 0 14 1 1 1 
2 40 0 14 1 1 1 
2 38 0 14 1 1 1 
2 39 0 14 1 1 1 
2 31 0 13 1 1 1 
2 30 0 13 1 1 1 
2 32 0 13 1 1 1 
2 33 0 13 1 1 1 
2 37 0 13 1 1 1 
2 36 0 13 1 1 1 
2 34 0 13 1 1 1 
2 35 0 13 1 1 1 
2 43 0 13 1 1 1 
2 42 0 13 1 1 1 
2 44 0 13 1 1 1 
2 41 0 13 1 1 1 
2 40 0 13 1 1 1 
2 38 0 13 1 1 1 
2 39 0 13 1 1 1 
2 31 0 12 1 1 1 
2 30 0 12 1 1 1 
2 32 0 12 1 1 1 
2 33 0 12 1 1 1 
2 37 0 12 1 1 1 
2 36 0 12 1 1 1 
2 34 0 12 1 1 1 
2 35 0 12 1 1 1 
2 43 0 12 1 1 1 
2 42 0 12 1 1 1 
2 44 0 12 1 1 1 
2 41 0 12 1 1 1 
2 40 0 12 1 1 1 
2 38 0 12 1 1 1 
2 39 0 12 1 1 1 
2 31 0 11 1 1 1 
2 30 0 11 1 1 1 
2 32 0 11 1 1 1 
2 33 0 11 1 1 1 
2 37 0 11 1 1 1 
2 36 0 11 1 1 1 
2 34 0 11 1 1 1 
2 35 0 11 1 1 1 
2 43 0 11 1 1 1 
2 42 0 11 1 1 1 
2 44 0 11 1 1 1 
2 41 0 11 1 1 1 
2 40 0 11 1 1 1 
2 38 0 11 1 1 1 
2 39 0 11 1 1 1 
2 31 0 10 1 1 1 
2 30 0 10 1 1 1 
2 32 0 10 1 1 1 
2 33 0 10 1 1 1 
2 37 0 10 1 1 1 
2 36 0 10 1 1 1 
2 34 0 10 1 1 1 
2 35 0 10 1 1 1 
2 43 0 10 1 1 1 
2 42 0 10 1 1 1 
2 44 0 10 1 1 1 
2 41 0 10 1 1 1 
2 40 0 10 1 1 1 
2 38 0 10 1 1 1 
2 39 0 10 1 1 1 
2 31 0 9 1 1 1 
2 30 0 9 1 1 1 
2 32 0 9 1 1 1 
2 33 0 9 1 1 1 
2 37 0 9 1 1 1 
2 36 0 9 1 1 1 
2 34 0 9 1 1 1 
2 35 0 9 1 1 1 
2 43 0 9 1 1 1 
2 42 0 9 1 1 1 
2 44 0 9 1 1 1 
2 41 0 9 1 1 1 
2 40 0 9 1 1 1 
2 38 0 9 1 1 1 
2 39 0 9 1 1 1 
2 39 0 8 1 1 1 
2 38 0 8 1 1 1 
2 40 0 8 1 1 1 
2 41 0 8 1 1 1 
2 44 0 8 1 1 1 
2 42 0 8 1 1 1 
2 43 0 8 1 1 1 
2 35 0 8 1 1 1 
2 34 0 8 1 1 1 
2 36 0 8 1 1 1 
2 37 0 8 1 1 1 
2 33 0 8 1 1 1 
2 32 0 8 1 1 1 
2 30 0 8 1 1 1 
2 31 0 8 1 1 1 
2 3 0 14 1 1 1 
2 2 0 14 1 1 1 
2 0 0 14 1 1 1 
2 1 0 14 1 1 1 
2 9 0 14 1 1 1 
2 8 0 14 1 1 1 
2 10 0 14 1 1 1 
2 11 0 14 1 1 1 
2 7 0 14 1 1 1 
2 6 0 14 1 1 1 
2 4 0 14 1 1 1 
2 5 0 14 1 1 1 
2 12 0 14 1 1 1 
2 3 0 13 1 1 1 
2 2 0 13 1 1 1 
2 0 0 13 1 1 1 
2 1 0 13 1 1 1 
2 9 0 13 1 1 1 
2 8 0 13 1 1 1 
2 10 0 13 1 1 1 
2 11 0 13 1 1 1 
2 7 0 13 1 1 1 
2 6 0 13 1 1 1 
2 4 0 13 1 1 1 
2 5 0 13 1 1 1 
2 12 0 13 1 1 1 
2 3 0 12 1 1 1 
2 2 0 12 1 1 1 
2 0 0 12 1 1 1 
2 1 0 12 1 1 1 
2 9 0 12 1 1 1 
2 8 0 12 1 1 1 
2 10 0 12 1 1 1 
2 11 0 12 1 1 1 
2 7 0 12 1 1 1 
2 6 0 12 1 1 1 
2 4 0 12 1 1 1 
2 5 0 12 1 1 1 
2 12 0 12 1 1 1 
2 3 0 11 1 1 1 
2 2 0 11 1 1 1 
2 0 0 11 1 1 1 
2 1 0 11 1 1 1 
2 9 0 11 1 1 1 
2 8 0 11 1 1 1 
2 10 0 11 1 1 1 
2 11 0 11 1 1 1 
2 7 0 11 1 1 1 
2 6 0 11 1 1 1 
2 4 0 11 1 1 1 
2 5 0 11 1 1 1 
2 12 0 11 1 1 1 
2 3 0 10 1 1 1 
2 2 0 10 1 1 1 
2 0 0 10 1 1 1 
2 1 0 10 1 1 1 
2 9 0 10 1 1 1 
2 8 0 10 1 1 1 
2 10 0 10 1 1 1 
2 11 0 10 1 1 1 
2 7 0 10 1 1 1 
2 6 0 10 1 1 1 
2 4 0 10 1 1 1 
2 5 0 10 1 1 1 
2 12 0 10 1 1 1 
2 3 0 9 1 1 1 
2 2 0 9 1 1 1 
2 0 0 9 1 1 1 
2 1 0 9 1 1 1 
2 9 0 9 1 1 1 
2 8 0 9 1 1 1 
2 10 0 9 1 1 1 
2 11 0 9 1 1 1 
2 7 0 9 1 1 1 
2 6 0 9 1 1 1 
2 4 0 9 1 1 1 
2 5 0 9 1 1 1 
2 12 0 9 1 1 1 
2 12 0 8 1 1 1 
2 5 0 8 1 1 1 
2 4 0 8 1 1 1 
2 6 0 8 1 1 1 
2 7 0 8 1 1 1 
2 11 0 8 1 1 1 
2 10 0 8 1 1 1 
2 8 0 8 1 1 1 
2 9 0 8 1 1 1 
2 1 0 8 1 1 1 
2 0 0 8 1 1 1 
2 2 0 8 1 1 1 
2 3 0 8 1 1 1 
2 3 0 1 1 1 1 
2 2 0 1 1 1 1 
2 0 0 1 1 1 1 
2 1 0 1 1 1 1 
2 9 0 1 1 1 1 
2 8 0 1 1 1 1 
2 10 0 1 1 1 1 
2 11 0 1 1 1 1 
2 7 0 1 1 1 1 
2 6 0 1 1 1 1 
2 4 0 1 1 1 1 
2 5 0 1 1 1 1 
2 12 0 1 1 1 1 
2 12 0 2 1 1 1 
2 5 0 2 1 1 1 
2 4 0 2 1 1 1 
2 6 0 2 1 1 1 
2 7 0 2 1 1 1 
2 11 0 2 1 1 1 
2 10 0 2 1 1 1 
2 8 0 2 1 1 1 
2 9 0 2 1 1 1 
2 1 0 2 1 1 1 
2 0 0 2 1 1 1 
2 2 0 2 1 1 1 
2 3 0 2 1 1 1 
2 12 0 3 1 1 1 
2 5 0 3 1 1 1 
2 4 0 3 1 1 1 
2 6 0 3 1 1 1 
2 7 0 3 1 1 1 
2 11 0 3 1 1 1 
2 10 0 3 1 1 1 
2 8 0 3 1 1 1 
2 9 0 3 1 1 1 
2 1 0 3 1 1 1 
2 0 0 3 1 1 1 
2 2 0 3 1 1 1 
2 3 0 3 1 1 1 
2 12 0 4 1 1 1 
2 5 0 4 1 1 1 
2 4 0 4 1 1 1 
2 6 0 4 1 1 1 
2 7 0 4 1 1 1 
2 11 0 4 1 1 1 
2 10 0 4 1 1 1 
2 8 0 4 1 1 1 
2 9 0 4 1 1 1 
2 1 0 4 1 1 1 
2 0 0 4 1 1 1 
2 2 0 4 1 1 1 
2 3 0 4 1 1 1 
2 12 0 5 1 1 1 
2 5 0 5 1 1 1 
2 4 0 5 1 1 1 
2 6 0 5 1 1 1 
2 7 0 5 1 1 1 
2 11 0 5 1 1 1 
2 10 0 5 1 1 1 
2 8 0 5 1 1 1 
2 9 0 5 1 1 1 
2 1 0 5 1 1 1 
2 0 0 5 1 1 1 
2 2 0 5 1 1 1 
2 3 0 5 1 1 1 
2 12 0 6 1 1 1 
2 5 0 6 1 1 1 
2 4 0 6 1 1 1 
2 6 0 6 1 1 1 
2 7 0 6 1 1 1 
2 11 0 6 1 1 1 
2 10 0 6 1 1 1 
2 8 0 6 1 1 1 
2 9 0 6 1 1 1 
2 1 0 6 1 1 1 
2 0 0 6 1 1 1 
2 2 0 6 1 1 1 
2 3 0 6 1 1 1 
2 12 0 7 1 1 1 
2 5 0 7 1 1 1 
2 4 0 7 1 1 1 
2 6 0 7 1 1 1 
2 7 0 7 1 1 1 
2 11 0 7 1 1 1 
2 10 0 7 1 1 1 
2 8 0 7 1 1 1 
2 9 0 7 1 1 1 
2 1 0 7 1 1 1 
2 0 0 7 1 1 1 
2 2 0 7 1 1 1 
2 3 0 7 1 1 1 
2 31 0 1 1 1 1 
2 30 0 1 1 1 1 
2 32 0 1 1 1 1 
2 33 0 1 1 1 1 
2 37 0 1 1 1 1 
2 36 0 1 1 1 1 
2 34 0 1 1 1 1 
2 35 0 1 1 1 1 
2 43 0 1 1 1 1 
2 42 0 1 1 1 1 
2 44 0 1 1 1 1 
2 41 0 1 1 1 1 
2 40 0 1 1 1 1 
2 38 0 1 1 1 1 
2 39 0 1 1 1 1 
2 39 0 2 1 1 1 
2 38 0 2 1 1 1 
2 40 0 2 1 1 1 
2 41 0 2 1 1 1 
2 44 0 2 1 1 1 
2 42 0 2 1 1 1 
2 43 0 2 1 1 1 
2 35 0 2 1 1 1 
2 34 0 2 1 1 1 
2 36 0 2 1 1 1 
2 37 0 2 1 1 1 
2 33 0 2 1 1 1 
2 32 0 2 1 1 1 
2 30 0 2 1 1 1 
2 31 0 2 1 1 1 
2 39 0 3 1 1 1 
2 38 0 3 1 1 1 
2 40 0 3 1 1 1 
2 41 0 3 1 1 1 
2 44 0 3 1 1 1 
2 42 0 3 1 1 1 
2 43 0 3 1 1 1 
2 35 0 3 1 1 1 
2 34 0 3 1 1 1 
2 36 0 3 1 1 1 
2 37 0 3 1 1 1 
2 33 0 3 1 1 1 
2 32 0 3 1 1 1 
2 30 0 3 1 1 1 
2 31 0 3 1 1 1 
2 39 0 4 1 1 1 
2 38 0 4 1 1 1 
2 40 0 4 1 1 1 
2 41 0 4 1 1 1 
2 44 0 4 1 1 1 
2 42 0 4 1 1 1 
2 43 0 4 1 1 1 
2 35 0 4 1 1 1 
2 34 0 4 1 1 1 
2 36 0 4 1 1 1 
2 37 0 4 1 1 1 
2 33 0 4 1 1 1 
2 32 0 4 1 1 1 
2 30 0 4 1 1 1 
2 31 0 4 1 1 1 
2 39 0 5 1 1 1 
2 38 0 5 1 1 1 
2 40 0 5 1 1 1 
2 41 0 5 1 1 1 
2 44 0 5 1 1 1 
2 42 0 5 1 1 1 
2 43 0 5 1 1 1 
2 35 0 5 1 1 1 
2 34 0 5 1 1 1 
2 36 0 5 1 1 1 
2 37 0 5 1 1 1 
2 33 0 5 1 1 1 
2 32 0 5 1 1 1 
2 30 0 5 1 1 1 
2 31 0 5 1 1 1 
2 39 0 6 1 1 1 
2 38 0 6 1 1 1 
2 40 0 6 1 1 1 
2 41 0 6 1 1 1 
2 44 0 6 1 1 1 
2 42 0 6 1 1 1 
2 43 0 6 1 1 1 
2 35 0 6 1 1 1 
2 34 0 6 1 1 1 
2 36 0 6 1 1 1 
2 37 0 6 1 1 1 
2 33 0 6 1 1 1 
2 32 0 6 1 1 1 
2 30 0 6 1 1 1 
2 31 0 6 1 1 1 
2 39 0 7 1 1 1 
2 38 0 7 1 1 1 
2 40 0 7 1 1 1 
2 41 0 7 1 1 1 
2 44 0 7 1 1 1 
2 42 0 7 1 1 1 
2 43 0 7 1 1 1 
2 35 0 7 1 1 1 
2 34 0 7 1 1 1 
2 36 0 7 1 1 1 
2 37 0 7 1 1 1 
2 33 0 7 1 1 1 
2 32 0 7 1 1 1 
2 30 0 7 1 1 1 
2 31 0 7 1 1 1 
2 24 1 8 1 1 1 
2 23 1 8 1 1 1 
2 19 1 8 1 1 1 
2 18 1 8 1 1 1 
2 17 1 8 1 1 1 
2 29 1 8 1 1 1 
2 28 1 8 1 1 1 
2 27 1 8 1 1 1 
2 26 1 8 1 1 1 
2 25 1 8 1 1 1 
2 30 1 8 1 1 1 
2 30 1 7 1 1 1 
2 30 1 6 1 1 1 
2 30 1 3 1 1 1 
2 30 1 4 1 1 1 
2 30 1 5 1 1 1 
2 30 1 2 1 1 1 
2 30 1 1 1 1 1 
2 12 1 1 1 1 1 
2 12 1 2 1 1 1 
2 12 1 5 1 1 1 
2 12 1 4 1 1 1 
2 12 1 3 1 1 1 
2 12 1 6 1 1 1 
2 12 1 7 1 1 1 
2 12 1 8 1 1 1 
2 13 1 8 1 1 1 
2 14 1 8 1 1 1 
2 15 1 8 1 1 1 
2 16 1 8 1 1 1 
2 0 1 0 1 1 1 
2 1 1 0 1 1 1 
2 2 1 0 1 1 1 
2 3 1 0 1 1 1 
2 4 1 0 1 1 1 
2 5 1 0 1 1 1 
2 6 1 0 1 1 1 
2 7 1 0 1 1 1 
2 8 1 0 1 1 1 
2 17 1 0 1 1 1 
2 16 1 0 1 1 1 
2 15 1 0 1 1 1 
2 14 1 0 1 1 1 
2 13 1 0 1 1 1 
2 12 1 0 1 1 1 
2 11 1 0 1 1 1 
2 10 1 0 1 1 1 
2 9 1 0 1 1 1 
2 26 1 0 1 1 1 
2 25 1 0 1 1 1 
2 24 1 0 1 1 1 
2 23 1 0 1 1 1 
2 19 1 0 1 1 1 
2 18 1 0 1 1 1 
2 35 1 0 1 1 1 
2 34 1 0 1 1 1 
2 33 1 0 1 1 1 
2 32 1 0 1 1 1 
2 31 1 0 1 1 1 
2 30 1 0 1 1 1 
2 29 1 0 1 1 1 
2 28 1 0 1 1 1 
2 27 1 0 1 1 1 
2 36 1 0 1 1 1 
2 37 1 0 1 1 1 
2 38 1 0 1 1 1 
2 39 1 0 1 1 1 
2 40 1 0 1 1 1 
2 41 1 0 1 1 1 
2 42 1 0 1 1 1 
2 43 1 0 1 1 1 
2 44 1 0 1 1 1 
2 44 0 0 1 1 1 
2 43 0 0 1 1 1 
2 42 0 0 1 1 1 
2 41 0 0 1 1 1 
2 40 0 0 1 1 1 
2 39 0 0 1 1 1 
2 38 0 0 1 1 1 
2 37 0 0 1 1 1 
2 36 0 0 1 1 1 
2 27 0 0 1 1 1 
2 28 0 0 1 1 1 
2 29 0 0 1 1 1 
2 30 0 0 1 1 1 
2 31 0 0 1 1 1 
2 32 0 0 1 1 1 
2 33 0 0 1 1 1 
2 34 0 0 1 1 1 
2 35 0 0 1 1 1 
2 18 0 0 1 1 1 
2 19 0 0 1 1 1 
2 20 0 0 1 1 1 
2 21 0 0 1 1 1 
2 22 0 0 1 1 1 
2 23 0 0 1 1 1 
2 24 0 0 1 1 1 
2 25 0 0 1 1 1 
2 26 0 0 1 1 1 
2 9 0 0 1 1 1 
2 10 0 0 1 1 1 
2 11 0 0 1 1 1 
2 12 0 0 1 1 1 
2 13 0 0 1 1 1 
2 14 0 0 1 1 1 
2 15 0 0 1 1 1 
2 16 0 0 1 1 1 
2 17 0 0 1 1 1 
2 8 0 0 1 1 1 
2 7 0 0 1 1 1 
2 6 0 0 1 1 1 
2 5 0 0 1 1 1 
2 4 0 0 1 1 1 
2 3 0 0 1 1 1 
2 2 0 0 1 1 1 
2 1 0 0 1 1 1 
2 0 0 0 1 1 1 
2 14 2 2 1 1 1 
2 13 2 2 1 1 1 
2 14 2 1 1 1 1 
2 13 2 1 1 1 1 
2 17 2 2 1 1 1 
2 16 2 2 1 1 1 
2 17 2 1 1 1 1 
2 16 2 1 1 1 1 
2 29 2 2 1 1 1 
2 28 2 2 1 1 1 
2 29 2 1 1 1 1 
2 28 2 1 1 1 1 
2 27 2 2 1 1 1 
2 26 2 2 1 1 1 
2 27 2 1 1 1 1 
2 26 2 1 1 1 1 
2 26 1 1 1 1 1 
2 27 1 1 1 1 1 
2 26 1 2 1 1 1 
2 27 1 2 1 1 1 
2 28 1 1 1 1 1 
2 29 1 1 1 1 1 
2 28 1 2 1 1 1 
2 29 1 2 1 1 1 
2 16 1 1 1 1 1 
2 17 1 1 1 1 1 
2 16 1 2 1 1 1 
2 17 1 2 1 1 1 
2 14 1 2 1 1 1 
2 13 1 2 1 1 1 
2 14 1 1 1 1 1 
2 13 1 1 1 1 1 
3 21 1 3 1 1 1 0 
2 14 0 7 1 1 1 
2 13 0 7 1 1 1 
2 15 0 7 1 1 1 
2 16 0 7 1 1 1 
2 20 0 7 1 1 1 
2 19 0 7 1 1 1 
2 17 0 7 1 1 1 
2 18 0 7 1 1 1 
2 26 0 7 1 1 1 
2 25 0 7 1 1 1 
2 27 0 7 1 1 1 
2 28 0 7 1 1 1 
2 24 0 7 1 1 1 
2 23 0 7 1 1 1 
2 21 0 7 1 1 1 
2 22 0 7 1 1 1 
2 29 0 7 1 1 1 
2 14 0 6 1 1 1 
2 13 0 6 1 1 1 
2 15 0 6 1 1 1 
2 16 0 6 1 1 1 
2 20 0 6 1 1 1 
2 19 0 6 1 1 1 
2 17 0 6 1 1 1 
2 18 0 6 1 1 1 
2 26 0 6 1 1 1 
2 25 0 6 1 1 1 
2 27 0 6 1 1 1 
2 28 0 6 1 1 1 
2 24 0 6 1 1 1 
2 23 0 6 1 1 1 
2 21 0 6 1 1 1 
2 22 0 6 1 1 1 
2 29 0 6 1 1 1 
2 14 0 5 1 1 1 
2 13 0 5 1 1 1 
2 15 0 5 1 1 1 
2 16 0 5 1 1 1 
2 20 0 5 1 1 1 
2 19 0 5 1 1 1 
2 17 0 5 1 1 1 
2 18 0 5 1 1 1 
2 26 0 5 1 1 1 
2 25 0 5 1 1 1 
2 27 0 5 1 1 1 
2 28 0 5 1 1 1 
2 24 0 5 1 1 1 
2 23 0 5 1 1 1 
2 21 0 5 1 1 1 
2 22 0 5 1 1 1 
2 29 0 5 1 1 1 
2 14 0 4 1 1 1 
2 13 0 4 1 1 1 
2 15 0 4 1 1 1 
2 16 0 4 1 1 1 
2 20 0 4 1 1 1 
2 19 0 4 1 1 1 
2 17 0 4 1 1 1 
2 18 0 4 1 1 1 
2 26 0 4 1 1 1 
2 25 0 4 1 1 1 
2 27 0 4 1 1 1 
2 28 0 4 1 1 1 
2 24 0 4 1 1 1 
2 23 0 4 1 1 1 
2 21 0 4 1 1 1 
2 22 0 4 1 1 1 
2 29 0 4 1 1 1 
2 14 0 3 1 1 1 
2 13 0 3 1 1 1 
2 15 0 3 1 1 1 
2 16 0 3 1 1 1 
2 20 0 3 1 1 1 
2 19 0 3 1 1 1 
2 17 0 3 1 1 1 
2 18 0 3 1 1 1 
2 26 0 3 1 1 1 
2 25 0 3 1 1 1 
2 27 0 3 1 1 1 
2 28 0 3 1 1 1 
2 24 0 3 1 1 1 
2 23 0 3 1 1 1 
2 21 0 3 1 1 1 
2 22 0 3 1 1 1 
2 29 0 3 1 1 1 
2 14 0 2 1 1 1 
2 13 0 2 1 1 1 
2 15 0 2 1 1 1 
2 16 0 2 1 1 1 
2 20 0 2 1 1 1 
2 19 0 2 1 1 1 
2 17 0 2 1 1 1 
2 18 0 2 1 1 1 
2 26 0 2 1 1 1 
2 25 0 2 1 1 1 
2 27 0 2 1 1 1 
2 28 0 2 1 1 1 
2 24 0 2 1 1 1 
2 23 0 2 1 1 1 
2 21 0 2 1 1 1 
2 22 0 2 1 1 1 
2 29 0 2 1 1 1 
2 29 0 1 1 1 1 
2 22 0 1 1 1 1 
2 21 0 1 1 1 1 
2 23 0 1 1 1 1 
2 24 0 1 1 1 1 
2 28 0 1 1 1 1 
2 27 0 1 1 1 1 
2 25 0 1 1 1 1 
2 26 0 1 1 1 1 
2 18 0 1 1 1 1 
2 17 0 1 1 1 1 
2 19 0 1 1 1 1 
2 20 0 1 1 1 1 
2 16 0 1 1 1 1 
2 15 0 1 1 1 1 
2 13 0 1 1 1 1 
2 14 0 1 1 1 1 
