2 -15 1 19 1 1 1 
2 -10 0 18 1 1 1 
2 -24 -28 -45 1 1 1 
2 -37 -28 112 1 1 1 
2 -9 0 26 1 1 1 
2 -43 -28 24 1 1 1 
2 -9 1 -2 1 1 1 
2 -15 1 18 1 1 1 
2 -6 1 26 1 1 1 
2 -25 -28 43 1 1 1 
2 -10 0 17 1 1 1 
2 -29 -28 17 1 1 1 
2 -12 0 15 1 1 1 
2 -19 1 41 1 1 1 
2 -6 1 37 1 1 1 
2 -17 1 19 1 1 1 
2 -19 1 16 1 1 1 
2 -47 -28 -31 1 1 1 
2 -16 0 31 1 1 1 
2 -7 0 16 1 1 1 
2 -17 0 43 1 1 1 
2 -6 1 33 1 1 1 
2 -24 -28 -32 1 1 1 
2 -19 1 36 1 1 1 
2 -6 1 28 1 1 1 
2 -16 0 46 1 1 1 
2 -7 0 21 1 1 1 
2 -7 0 26 1 1 1 
2 -27 -28 76 1 1 1 
2 -13 0 29 1 1 1 
2 -6 1 13 1 1 1 
2 -11 0 23 1 1 1 
2 -35 -28 89 1 1 1 
2 -35 -28 -27 1 1 1 
2 -11 0 33 1 1 1 
2 -34 -28 -37 1 1 1 
2 -19 1 -1 1 1 1 
2 -7 0 35 1 1 1 
2 -13 0 0 1 1 1 
2 -7 0 12 1 1 1 
2 -42 -28 -52 1 1 1 
2 -6 1 45 1 1 1 
2 -13 0 24 1 1 1 
2 -6 1 48 1 1 1 
2 -27 -28 15 1 1 1 
2 -37 -28 118 1 1 1 
2 -26 -28 19 1 1 1 
2 -15 0 36 1 1 1 
2 -16 0 37 1 1 1 
2 -14 1 0 1 1 1 
2 -14 1 -1 1 1 1 
2 -13 1 0 1 1 1 
2 -13 1 -1 1 1 1 
2 -12 1 0 1 1 1 
2 -12 1 -1 1 1 1 
2 -11 1 -1 1 1 1 
2 -11 1 0 1 1 1 
2 -35 -28 53 1 1 1 
2 -17 0 5 1 1 1 
2 -6 1 5 1 1 1 
2 -18 0 20 1 1 1 
2 -17 0 28 1 1 1 
2 -11 0 -1 1 1 1 
2 -27 -28 71 1 1 1 
2 -10 0 40 1 1 1 
2 -46 -28 -22 1 1 1 
2 -49 -28 105 1 1 1 
2 -18 0 33 1 1 1 
2 -19 1 33 1 1 1 
3 -15 1 21 1 1 1 1 
2 -15 0 47 1 1 1 
2 -54 -28 -10 1 1 1 
2 -19 1 7 1 1 1 
2 -16 0 19 1 1 1 
2 -12 0 2 1 1 1 
2 -8 0 1 1 1 1 
2 -55 -28 82 1 1 1 
2 -7 0 38 1 1 1 
2 -54 -28 33 1 1 1 
2 -36 -28 114 1 1 1 
2 -15 0 8 1 1 1 
2 -18 0 19 1 1 1 
2 -21 -28 15 1 1 1 
2 -15 0 9 1 1 1 
2 -13 0 39 1 1 1 
2 -13 0 32 1 1 1 
2 -44 -28 -7 1 1 1 
2 -8 0 43 1 1 1 
2 -18 0 16 1 1 1 
2 -56 -28 31 1 1 1 
2 -12 0 33 1 1 1 
2 -29 -28 44 1 1 1 
2 -9 0 39 1 1 1 
2 -39 -28 87 1 1 1 
2 -14 0 19 1 1 1 
2 -41 -28 5 1 1 1 
2 -58 -28 -23 1 1 1 
2 -12 0 46 1 1 1 
2 -33 -28 -46 1 1 1 
2 -10 0 21 1 1 1 
2 -6 1 31 1 1 1 
2 -12 0 30 1 1 1 
2 -47 -28 -4 1 1 1 
2 -8 1 20 1 1 1 
2 -29 -28 89 1 1 1 
2 -19 1 40 1 1 1 
2 -15 0 4 1 1 1 
2 -12 0 29 1 1 1 
2 -47 -28 -27 1 1 1 
2 -16 0 35 1 1 1 
2 -10 0 15 1 1 1 
2 -18 0 27 1 1 1 
2 -14 0 1 1 1 1 
2 -8 1 21 1 1 1 
2 -6 1 9 1 1 1 
2 -44 -28 61 1 1 1 
2 -44 -28 88 1 1 1 
2 -6 1 43 1 1 1 
2 -19 1 34 1 1 1 
2 -19 1 37 1 1 1 
2 -7 0 40 1 1 1 
2 -16 0 43 1 1 1 
2 -46 -28 75 1 1 1 
2 -8 0 44 1 1 1 
2 -10 0 5 1 1 1 
2 -18 0 43 1 1 1 
2 -12 0 6 1 1 1 
2 -8 0 31 1 1 1 
2 -8 0 34 1 1 1 
2 -13 0 10 1 1 1 
2 -54 -28 28 1 1 1 
2 -6 1 40 1 1 1 
2 -44 -28 -12 1 1 1 
2 -12 0 4 1 1 1 
2 -6 1 23 1 1 1 
2 -6 1 4 1 1 1 
2 -51 -28 -26 1 1 1 
2 -24 -28 35 1 1 1 
2 -52 -28 27 1 1 1 
2 -10 0 37 1 1 1 
2 -6 1 10 1 1 1 
2 -49 -28 72 1 1 1 
2 -12 0 17 1 1 1 
2 -16 0 15 1 1 1 
2 -6 1 3 1 1 1 
2 -6 1 20 1 1 1 
2 -20 -28 19 1 1 1 
2 -32 -28 -7 1 1 1 
2 -6 1 -1 1 1 1 
2 -51 -28 98 1 1 1 
2 -18 0 18 1 1 1 
2 -13 0 7 1 1 1 
2 -19 1 30 1 1 1 
2 -41 -28 -19 1 1 1 
2 -8 0 28 1 1 1 
2 -37 -28 47 1 1 1 
2 -10 0 25 1 1 1 
2 -7 0 25 1 1 1 
2 -38 -28 -23 1 1 1 
2 -9 0 25 1 1 1 
15 -14 1 23 1 1 1 0 ( -14 1 23 -15 1 23 -16 1 23 -17 1 23 -14 1 22 -14 1 21 -14 1 20 -18 1 23 -14 1 19 ) 
2 -34 -28 80 1 1 1 
2 -14 0 13 1 1 1 
2 -7 0 19 1 1 1 
2 -51 -28 -17 1 1 1 
2 -12 0 8 1 1 1 
2 -49 -28 -45 1 1 1 
2 -14 0 36 1 1 1 
2 -7 0 9 1 1 1 
2 -8 0 5 1 1 1 
2 -17 0 31 1 1 1 
2 -8 0 35 1 1 1 
2 -8 1 22 1 1 1 
2 -15 0 22 1 1 1 
2 -16 0 0 1 1 1 
2 -41 -28 116 1 1 1 
2 -45 -28 -13 1 1 1 
2 -16 1 19 1 1 1 
2 -30 -28 14 1 1 1 
2 -10 0 2 1 1 1 
2 -13 0 36 1 1 1 
2 -14 0 43 1 1 1 
2 -29 -28 58 1 1 1 
2 -13 0 14 1 1 1 
2 -10 0 14 1 1 1 
2 -10 0 35 1 1 1 
2 -35 -28 16 1 1 1 
2 -55 -28 89 1 1 1 
2 -18 1 48 1 1 1 
2 -6 1 43 1 1 1 
2 -15 0 31 1 1 1 
2 -45 -28 33 1 1 1 
2 -28 -28 95 1 1 1 
2 -31 -28 30 1 1 1 
2 -41 -28 73 1 1 1 
2 -12 1 -2 1 1 1 
2 -40 -28 38 1 1 1 
2 -10 0 3 1 1 1 
2 -50 -28 -35 1 1 1 
2 -19 1 8 1 1 1 
2 -15 0 10 1 1 1 
2 -16 0 10 1 1 1 
2 -58 -28 -18 1 1 1 
2 -13 0 44 1 1 1 
2 -37 -28 69 1 1 1 
2 -8 0 3 1 1 1 
2 -14 0 16 1 1 1 
2 -29 -28 -28 1 1 1 
2 -39 -28 97 1 1 1 
2 -33 -28 100 1 1 1 
2 -11 0 16 1 1 1 
2 -9 0 30 1 1 1 
2 -19 1 25 1 1 1 
2 -19 1 12 1 1 1 
2 -45 -28 107 1 1 1 
2 -9 0 9 1 1 1 
2 -18 0 37 1 1 1 
2 -18 0 47 1 1 1 
2 -9 0 6 1 1 1 
2 -17 0 4 1 1 1 
2 -47 -28 19 1 1 1 
2 -38 -28 37 1 1 1 
2 -29 -28 -21 1 1 1 
2 -39 -28 7 1 1 1 
2 -11 0 38 1 1 1 
2 -17 0 11 1 1 1 
2 -17 0 25 1 1 1 
2 -42 -28 34 1 1 1 
2 -36 -28 92 1 1 1 
2 -19 1 48 1 1 1 
2 -32 -28 62 1 1 1 
2 -51 -28 -12 1 1 1 
2 -18 0 22 1 1 1 
2 -6 1 8 1 1 1 
2 -8 0 21 1 1 1 
2 -6 1 24 1 1 1 
2 -8 0 47 1 1 1 
2 -6 1 39 1 1 1 
2 -38 -28 43 1 1 1 
2 -6 1 27 1 1 1 
2 -13 0 34 1 1 1 
2 -6 1 2 1 1 1 
2 -10 0 20 1 1 1 
2 -45 -28 67 1 1 1 
2 -16 0 44 1 1 1 
2 -32 -28 104 1 1 1 
2 -12 0 31 1 1 1 
2 -13 0 -1 1 1 1 
2 -17 0 23 1 1 1 
2 -19 1 4 1 1 1 
2 -19 1 4 1 1 1 
2 -33 -28 95 1 1 1 
2 -7 0 36 1 1 1 
2 -7 0 44 1 1 1 
2 -58 -28 93 1 1 1 
2 -11 0 37 1 1 1 
2 -14 0 39 1 1 1 
2 -18 0 46 1 1 1 
2 -17 0 46 1 1 1 
2 -33 -28 -34 1 1 1 
2 -40 -28 107 1 1 1 
2 -9 0 27 1 1 1 
2 -50 -28 102 1 1 1 
2 -7 0 6 1 1 1 
2 -41 -28 38 1 1 1 
2 -16 0 12 1 1 1 
2 -8 0 41 1 1 1 
2 -43 -28 112 1 1 1 
2 -11 0 5 1 1 1 
2 -39 -28 72 1 1 1 
2 -8 0 0 1 1 1 
2 -10 0 27 1 1 1 
2 -6 1 22 1 1 1 
2 -18 0 21 1 1 1 
2 -19 1 14 1 1 1 
2 -36 -28 -1 1 1 1 
2 -12 0 7 1 1 1 
2 -53 -28 96 1 1 1 
2 -8 0 30 1 1 1 
2 -13 0 27 1 1 1 
2 -19 1 5 1 1 1 
2 -6 1 20 1 1 1 
2 -19 1 2 1 1 1 
2 -48 -28 68 1 1 1 
2 -36 -28 -19 1 1 1 
2 -14 0 30 1 1 1 
2 -41 -28 68 1 1 1 
2 -16 0 17 1 1 1 
2 -15 0 18 1 1 1 
2 -17 0 3 1 1 1 
2 -8 0 15 1 1 1 
2 -14 1 -2 1 1 1 
2 -13 0 38 1 1 1 
2 -32 -28 55 1 1 1 
2 -43 -28 2 1 1 1 
2 -18 0 42 1 1 1 
2 -17 0 13 1 1 1 
2 -6 1 35 1 1 1 
2 -15 0 17 1 1 1 
2 -9 0 40 1 1 1 
2 -7 1 -2 1 1 1 
2 -16 0 1 1 1 1 
2 -43 -28 95 1 1 1 
2 -6 1 0 1 1 1 
2 -13 0 11 1 1 1 
2 -14 0 12 1 1 1 
2 -15 0 24 1 1 1 
2 -7 0 2 1 1 1 
2 -14 0 38 1 1 1 
2 -6 1 16 1 1 1 
2 -13 0 26 1 1 1 
2 -19 1 0 1 1 1 
2 -19 1 22 1 1 1 
2 -29 -28 83 1 1 1 
2 -13 0 37 1 1 1 
2 -33 -28 30 1 1 1 
2 -38 -28 76 1 1 1 
2 -46 -28 114 1 1 1 
2 -6 1 6 1 1 1 
2 -7 0 30 1 1 1 
2 -29 -28 -8 1 1 1 
2 -30 -28 26 1 1 1 
2 -15 0 25 1 1 1 
2 -19 1 13 1 1 1 
2 -47 -28 107 1 1 1 
2 -10 0 16 1 1 1 
2 -36 -28 4 1 1 1 
2 -8 0 10 1 1 1 
2 -8 0 12 1 1 1 
2 -15 0 15 1 1 1 
2 -46 -28 88 1 1 1 
2 -10 0 39 1 1 1 
2 -55 -28 -27 1 1 1 
2 -51 -28 30 1 1 1 
2 -14 0 5 1 1 1 
2 -13 1 -2 1 1 1 
2 -52 -28 92 1 1 1 
2 -13 0 19 1 1 1 
2 -19 1 2 1 1 1 
2 -27 -28 34 1 1 1 
2 -14 0 10 1 1 1 
3 -17 1 21 1 1 1 0 
2 -11 0 7 1 1 1 
2 -19 1 26 1 1 1 
2 -52 -28 -18 1 1 1 
2 -38 -28 88 1 1 1 
2 -18 0 35 1 1 1 
2 -12 0 0 1 1 1 
2 -49 -28 98 1 1 1 
2 -19 1 46 1 1 1 
2 -17 1 -1 1 1 1 
2 -14 0 4 1 1 1 
2 -40 -28 63 1 1 1 
2 -7 0 11 1 1 1 
2 -6 1 4 1 1 1 
2 -9 0 22 1 1 1 
2 -11 0 2 1 1 1 
2 -14 0 7 1 1 1 
2 -46 -28 -2 1 1 1 
2 -50 -28 41 1 1 1 
2 -6 1 21 1 1 1 
2 -45 -28 45 1 1 1 
2 -19 1 1 1 1 1 
2 -18 0 9 1 1 1 
2 -15 0 35 1 1 1 
2 -14 0 47 1 1 1 
2 -38 -28 -7 1 1 1 
2 -17 0 33 1 1 1 
2 -11 0 11 1 1 1 
2 -49 -28 -6 1 1 1 
2 -39 -28 17 1 1 1 
2 -15 0 5 1 1 1 
2 -44 -28 20 1 1 1 
2 -7 0 37 1 1 1 
2 -9 0 8 1 1 1 
2 -24 -28 91 1 1 1 
2 -35 -28 0 1 1 1 
2 -28 -28 106 1 1 1 
2 -8 0 27 1 1 1 
2 -17 0 38 1 1 1 
2 -49 -28 -18 1 1 1 
2 -6 1 30 1 1 1 
2 -16 0 25 1 1 1 
2 -12 0 32 1 1 1 
2 -16 0 26 1 1 1 
2 -28 -28 -37 1 1 1 
2 -6 1 10 1 1 1 
2 -36 -28 109 1 1 1 
2 -12 0 5 1 1 1 
2 -11 0 1 1 1 1 
2 -14 0 20 1 1 1 
2 -44 -28 8 1 1 1 
2 -17 1 9 1 1 1 
2 -11 0 22 1 1 1 
2 -8 0 9 1 1 1 
2 -56 -28 87 1 1 1 
2 -8 0 39 1 1 1 
2 -28 -28 -15 1 1 1 
2 -10 0 10 1 1 1 
2 -23 -28 11 1 1 1 
2 -44 -28 -39 1 1 1 
2 -11 1 -2 1 1 1 
2 -9 0 21 1 1 1 
2 -16 0 18 1 1 1 
2 -31 -28 46 1 1 1 
2 -9 0 15 1 1 1 
2 -11 0 29 1 1 1 
2 -47 -28 111 1 1 1 
2 -30 -28 35 1 1 1 
2 -6 1 18 1 1 1 
2 -12 0 25 1 1 1 
2 -41 -28 41 1 1 1 
2 -49 -28 37 1 1 1 
2 -6 1 46 1 1 1 
2 -13 0 2 1 1 1 
2 -8 1 24 1 1 1 
2 -17 1 3 1 1 1 
2 -54 -28 101 1 1 1 
2 -19 1 8 1 1 1 
2 -12 0 37 1 1 1 
2 -9 1 22 1 1 1 
2 -34 -28 -31 1 1 1 
2 -7 0 29 1 1 1 
2 -16 0 11 1 1 1 
2 -51 -28 71 1 1 1 
2 -31 -28 84 1 1 1 
2 -34 -28 100 1 1 1 
2 -33 -28 71 1 1 1 
2 -14 0 40 1 1 1 
2 -8 0 -1 1 1 1 
2 -35 -28 83 1 1 1 
2 -8 0 13 1 1 1 
2 -14 0 45 1 1 1 
2 -30 -28 40 1 1 1 
2 -16 1 17 1 1 1 
2 -6 1 11 1 1 1 
2 -43 -28 6 1 1 1 
2 -6 1 25 1 1 1 
2 -39 -28 118 1 1 1 
2 -56 -28 93 1 1 1 
2 -46 -28 108 1 1 1 
2 -18 0 7 1 1 1 
2 -10 0 9 1 1 1 
2 -6 1 42 1 1 1 
2 -16 1 8 1 1 1 
2 -9 0 38 1 1 1 
2 -27 -28 99 1 1 1 
2 -17 0 24 1 1 1 
2 -56 -28 -4 1 1 1 
2 -35 -28 -13 1 1 1 
2 -10 0 31 1 1 1 
2 -19 1 38 1 1 1 
2 -17 0 41 1 1 1 
2 -10 0 44 1 1 1 
2 -41 -28 17 1 1 1 
2 -10 0 12 1 1 1 
2 -19 1 21 1 1 1 
2 -13 0 13 1 1 1 
2 -11 0 6 1 1 1 
2 -12 0 26 1 1 1 
2 -30 -28 -14 1 1 1 
2 -15 0 20 1 1 1 
2 -17 0 12 1 1 1 
2 -9 0 33 1 1 1 
2 -19 1 45 1 1 1 
2 -17 1 8 1 1 1 
2 -24 -28 -20 1 1 1 
2 -23 -28 -41 1 1 1 
2 -6 1 3 1 1 1 
2 -35 -28 66 1 1 1 
2 -25 -28 -36 1 1 1 
2 -19 1 39 1 1 1 
2 -6 1 46 1 1 1 
2 -26 -28 84 1 1 1 
2 -11 0 14 1 1 1 
2 -26 -28 6 1 1 1 
2 -36 -28 -48 1 1 1 
2 -31 -28 -11 1 1 1 
2 -14 0 2 1 1 1 
2 -12 0 44 1 1 1 
2 -39 -28 2 1 1 1 
2 -11 0 0 1 1 1 
2 -12 0 11 1 1 1 
2 -13 0 47 1 1 1 
2 -56 -28 -24 1 1 1 
2 -56 -28 -9 1 1 1 
2 -11 0 44 1 1 1 
2 -31 -28 -22 1 1 1 
2 -8 0 32 1 1 1 
2 -18 0 41 1 1 1 
2 -7 0 32 1 1 1 
2 -19 1 13 1 1 1 
2 -6 1 5 1 1 1 
2 -8 0 37 1 1 1 
2 -7 0 7 1 1 1 
2 -6 1 26 1 1 1 
2 -19 1 41 1 1 1 
2 -16 0 24 1 1 1 
2 -27 -28 -40 1 1 1 
2 -52 -28 -13 1 1 1 
2 -37 -28 8 1 1 1 
2 -14 0 15 1 1 1 
2 -41 -28 -4 1 1 1 
2 -31 -28 89 1 1 1 
2 -28 -28 80 1 1 1 
2 -15 0 30 1 1 1 
2 -10 0 36 1 1 1 
2 -7 0 20 1 1 1 
2 -13 0 41 1 1 1 
2 -17 0 45 1 1 1 
2 -47 -28 117 1 1 1 
2 -39 -28 -56 1 1 1 
2 -44 -28 35 1 1 1 
2 -34 -28 28 1 1 1 
2 -26 -28 23 1 1 1 
2 -17 1 1 1 1 1 
2 -15 0 13 1 1 1 
2 -6 1 12 1 1 1 
2 -19 1 40 1 1 1 
2 -7 0 17 1 1 1 
2 -19 1 9 1 1 1 
2 -15 1 2 1 1 1 
2 -19 1 1 1 1 1 
2 -12 0 36 1 1 1 
2 -37 -28 24 1 1 1 
2 -44 -28 -28 1 1 1 
2 -47 -28 1 1 1 1 
2 -53 -28 79 1 1 1 
2 -6 1 19 1 1 1 
2 -17 0 6 1 1 1 
2 -40 -28 23 1 1 1 
2 -9 0 10 1 1 1 
2 -6 1 41 1 1 1 
2 -47 -28 39 1 1 1 
2 -6 1 18 1 1 1 
2 -50 -28 106 1 1 1 
2 -33 -28 76 1 1 1 
2 -28 -28 48 1 1 1 
2 -11 0 19 1 1 1 
2 -45 -28 6 1 1 1 
2 -58 -28 105 1 1 1 
2 -11 1 48 1 1 1 
2 -31 -28 -17 1 1 1 
2 -58 -28 88 1 1 1 
2 -37 -28 -26 1 1 1 
2 -19 1 27 1 1 1 
2 -39 -28 20 1 1 1 
2 -39 -28 54 1 1 1 
2 -41 -28 12 1 1 1 
2 -11 0 35 1 1 1 
2 -13 0 43 1 1 1 
2 -13 0 18 1 1 1 
2 -16 0 6 1 1 1 
2 -14 0 31 1 1 1 
2 -33 -28 117 1 1 1 
2 -13 0 33 1 1 1 
2 -19 1 3 1 1 1 
2 -16 0 32 1 1 1 
2 -33 -28 25 1 1 1 
2 -16 0 3 1 1 1 
2 -50 -28 81 1 1 1 
2 -15 0 26 1 1 1 
2 -14 1 -1 1 1 1 
2 -49 -28 7 1 1 1 
2 -39 -28 11 1 1 1 
2 -41 -28 83 1 1 1 
2 -40 -28 -23 1 1 1 
2 -19 1 42 1 1 1 
2 -36 -28 47 1 1 1 
2 -45 -28 39 1 1 1 
2 -17 0 30 1 1 1 
2 -44 -28 -49 1 1 1 
2 -38 -28 -1 1 1 1 
2 -53 -28 84 1 1 1 
2 -21 -28 36 1 1 1 
2 -25 -28 88 1 1 1 
2 -9 0 18 1 1 1 
2 -38 -28 78 1 1 1 
2 -42 -28 7 1 1 1 
2 -9 1 21 1 1 1 
2 -14 0 41 1 1 1 
2 -17 1 17 1 1 1 
2 -7 0 33 1 1 1 
2 -8 0 4 1 1 1 
2 -34 -28 86 1 1 1 
2 -6 1 1 1 1 1 
2 -38 -28 -35 1 1 1 
2 -13 0 40 1 1 1 
2 -41 -28 -8 1 1 1 
2 -14 0 -1 1 1 1 
2 -38 -28 -33 1 1 1 
2 -18 0 2 1 1 1 
2 -19 1 31 1 1 1 
2 -14 0 11 1 1 1 
2 -27 -28 40 1 1 1 
2 -6 1 15 1 1 1 
2 -32 -28 -40 1 1 1 
2 -10 0 41 1 1 1 
2 -30 -28 20 1 1 1 
2 -10 0 0 1 1 1 
2 -32 -28 3 1 1 1 
2 -17 1 48 1 1 1 
2 -47 -28 7 1 1 1 
2 -9 0 11 1 1 1 
2 -14 0 42 1 1 1 
2 -39 -28 -23 1 1 1 
2 -49 -28 38 1 1 1 
2 -6 1 23 1 1 1 
2 -8 0 36 1 1 1 
2 -11 0 40 1 1 1 
2 -15 0 34 1 1 1 
2 -6 1 32 1 1 1 
2 -6 1 38 1 1 1 
2 -33 -28 -11 1 1 1 
2 -18 1 -2 1 1 1 
2 -6 1 14 1 1 1 
2 -13 0 30 1 1 1 
2 -32 -28 -2 1 1 1 
2 -15 0 41 1 1 1 
2 -16 0 9 1 1 1 
2 -13 0 15 1 1 1 
2 -13 0 23 1 1 1 
2 -45 -28 -9 1 1 1 
2 -9 0 42 1 1 1 
2 -30 -28 79 1 1 1 
2 -7 0 27 1 1 1 
2 -31 -28 40 1 1 1 
2 -6 1 16 1 1 1 
2 -24 -28 20 1 1 1 
2 -52 -28 88 1 1 1 
2 -24 -28 66 1 1 1 
2 -35 -28 96 1 1 1 
2 -51 -28 -32 1 1 1 
2 -17 0 42 1 1 1 
2 -19 1 11 1 1 1 
2 -50 -28 -5 1 1 1 
2 -35 -28 37 1 1 1 
2 -14 0 35 1 1 1 
2 -19 1 46 1 1 1 
2 -25 -28 75 1 1 1 
2 -15 1 48 1 1 1 
2 -18 0 14 1 1 1 
2 -11 0 9 1 1 1 
2 -33 -28 9 1 1 1 
2 -15 0 12 1 1 1 
2 -17 1 18 1 1 1 
2 -12 0 13 1 1 1 
2 -6 1 28 1 1 1 
2 -10 0 38 1 1 1 
2 -36 -28 75 1 1 1 
2 -12 0 41 1 1 1 
2 -33 -28 -1 1 1 1 
2 -40 -28 53 1 1 1 
2 -51 -28 93 1 1 1 
2 -9 0 4 1 1 1 
2 -46 -28 -27 1 1 1 
2 -51 -28 24 1 1 1 
2 -36 -28 109 1 1 1 
2 -44 -28 98 1 1 1 
2 -41 -28 -14 1 1 1 
2 -15 0 23 1 1 1 
2 -36 -28 -52 1 1 1 
2 -17 0 35 1 1 1 
2 -6 1 24 1 1 1 
2 -48 -28 -16 1 1 1 
2 -19 1 17 1 1 1 
2 -49 -28 24 1 1 1 
2 -16 0 45 1 1 1 
2 -52 -28 -23 1 1 1 
2 -17 0 21 1 1 1 
2 -47 -28 25 1 1 1 
2 -46 -28 21 1 1 1 
2 -14 0 37 1 1 1 
2 -49 -28 10 1 1 1 
2 -17 0 18 1 1 1 
2 -48 -28 95 1 1 1 
2 -16 0 42 1 1 1 
2 -15 0 45 1 1 1 
2 -41 -28 -37 1 1 1 
2 -53 -28 70 1 1 1 
2 -12 1 35 1 1 1 
2 -12 1 36 1 1 1 
2 -18 0 5 1 1 1 
2 -9 0 36 1 1 1 
2 -24 -28 79 1 1 1 
2 -19 1 22 1 1 1 
2 -18 0 36 1 1 1 
2 -51 -28 -44 1 1 1 
2 -11 0 25 1 1 1 
2 -52 -28 98 1 1 1 
2 -19 1 6 1 1 1 
2 -7 0 22 1 1 1 
2 -19 1 -1 1 1 1 
2 -31 -28 24 1 1 1 
2 -35 -28 -21 1 1 1 
2 -6 1 44 1 1 1 
2 -15 0 39 1 1 1 
2 -9 0 43 1 1 1 
2 -13 0 16 1 1 1 
2 -16 0 41 1 1 1 
2 -9 0 16 1 1 1 
2 -13 0 4 1 1 1 
2 -19 1 3 1 1 1 
2 -36 -28 103 1 1 1 
2 -8 0 23 1 1 1 
2 -35 -28 58 1 1 1 
2 -18 0 17 1 1 1 
2 -17 1 37 1 1 1 
2 -38 -28 104 1 1 1 
2 -12 0 28 1 1 1 
2 -37 -28 -21 1 1 1 
2 -54 -28 45 1 1 1 
2 -33 -28 3 1 1 1 
2 -19 1 9 1 1 1 
2 -25 -28 11 1 1 1 
2 -10 0 45 1 1 1 
2 -16 0 7 1 1 1 
2 -31 -28 94 1 1 1 
2 -17 0 17 1 1 1 
2 -19 1 29 1 1 1 
2 -7 0 39 1 1 1 
2 -45 -28 57 1 1 1 
2 -17 0 19 1 1 1 
2 -41 -28 102 1 1 1 
2 -14 0 21 1 1 1 
2 -52 -28 33 1 1 1 
2 -8 0 22 1 1 1 
2 -39 -28 60 1 1 1 
2 -35 -28 71 1 1 1 
2 -38 -28 13 1 1 1 
2 -14 0 8 1 1 1 
2 -14 0 18 1 1 1 
2 -12 0 12 1 1 1 
2 -10 0 4 1 1 1 
2 -17 0 -1 1 1 1 
2 -36 -28 -8 1 1 1 
2 -6 1 27 1 1 1 
2 -17 0 27 1 1 1 
2 -30 -28 75 1 1 1 
2 -17 0 2 1 1 1 
2 -42 -28 71 1 1 1 
2 -6 1 45 1 1 1 
2 -43 -28 58 1 1 1 
2 -50 -28 47 1 1 1 
2 -15 0 27 1 1 1 
2 -11 0 8 1 1 1 
2 -15 0 11 1 1 1 
2 -11 0 30 1 1 1 
2 -12 0 -1 1 1 1 
2 -12 0 3 1 1 1 
2 -12 0 21 1 1 1 
2 -46 -28 83 1 1 1 
2 -6 1 2 1 1 1 
2 -19 1 47 1 1 1 
2 -9 0 29 1 1 1 
2 -18 0 31 1 1 1 
2 -9 0 44 1 1 1 
2 -47 -28 34 1 1 1 
2 -12 0 10 1 1 1 
2 -11 0 42 1 1 1 
2 -12 0 19 1 1 1 
2 -60 -28 -20 1 1 1 
2 -7 0 0 1 1 1 
2 -17 0 16 1 1 1 
2 -56 -28 -18 1 1 1 
2 -18 1 36 1 1 1 
2 -13 0 21 1 1 1 
2 -19 1 18 1 1 1 
2 -51 -28 78 1 1 1 
2 -43 -28 15 1 1 1 
2 -34 -28 18 1 1 1 
2 -6 1 17 1 1 1 
2 -24 -28 40 1 1 1 
2 -36 -28 -2 1 1 1 
2 -30 -28 -31 1 1 1 
2 -9 0 2 1 1 1 
2 -40 -28 57 1 1 1 
2 -10 0 33 1 1 1 
2 -16 0 38 1 1 1 
2 -52 -28 47 1 1 1 
2 -19 1 28 1 1 1 
2 -10 0 28 1 1 1 
2 -15 0 33 1 1 1 
2 -16 0 47 1 1 1 
2 -48 -28 63 1 1 1 
2 -39 -28 35 1 1 1 
2 -47 -28 102 1 1 1 
2 -40 -28 44 1 1 1 
2 -15 0 43 1 1 1 
2 -8 0 45 1 1 1 
2 -28 -28 8 1 1 1 
2 -17 0 44 1 1 1 
2 -6 1 15 1 1 1 
2 -17 1 36 1 1 1 
2 -38 -28 93 1 1 1 
2 -16 0 30 1 1 1 
2 -15 0 7 1 1 1 
2 -14 0 3 1 1 1 
2 -19 1 39 1 1 1 
2 -13 0 9 1 1 1 
2 -17 1 -2 1 1 1 
2 -45 -28 94 1 1 1 
2 -46 -28 46 1 1 1 
2 -22 -28 25 1 1 1 
2 -17 0 34 1 1 1 
2 -9 0 14 1 1 1 
2 -29 -28 -44 1 1 1 
2 -39 -28 25 1 1 1 
2 -12 0 35 1 1 1 
2 -19 1 25 1 1 1 
2 -47 -28 12 1 1 1 
2 -53 -28 -31 1 1 1 
2 -8 0 42 1 1 1 
2 -7 0 23 1 1 1 
2 -31 -28 11 1 1 1 
2 -14 0 34 1 1 1 
2 -10 0 11 1 1 1 
2 -17 0 32 1 1 1 
2 -9 0 31 1 1 1 
2 -14 0 23 1 1 1 
2 -24 -28 47 1 1 1 
2 -14 0 6 1 1 1 
2 -6 1 17 1 1 1 
2 -34 -28 44 1 1 1 
2 -11 0 32 1 1 1 
2 -19 1 -1 1 1 1 
2 -14 0 25 1 1 1 
2 -47 -28 7 1 1 1 
2 -33 -28 113 1 1 1 
2 -14 0 14 1 1 1 
2 -9 0 17 1 1 1 
2 -12 0 1 1 1 1 
2 -7 0 45 1 1 1 
2 -12 1 48 1 1 1 
2 -6 1 47 1 1 1 
2 -44 -28 3 1 1 1 
2 -31 -28 36 1 1 1 
2 -46 -28 42 1 1 1 
2 -34 -28 80 1 1 1 
2 -19 1 24 1 1 1 
2 -45 -28 71 1 1 1 
2 -7 0 1 1 1 1 
2 -30 -28 -36 1 1 1 
2 -53 -28 103 1 1 1 
2 -7 0 -1 1 1 1 
2 -11 0 43 1 1 1 
2 -11 0 12 1 1 1 
2 -6 1 37 1 1 1 
2 -51 -28 84 1 1 1 
2 -7 0 5 1 1 1 
2 -9 0 28 1 1 1 
2 -19 1 45 1 1 1 
2 -41 -28 -27 1 1 1 
2 -7 0 28 1 1 1 
2 -36 -28 -36 1 1 1 
2 -37 -28 32 1 1 1 
2 -9 0 20 1 1 1 
2 -41 -28 -43 1 1 1 
2 -9 0 1 1 1 1 
2 -15 0 37 1 1 1 
2 -12 0 18 1 1 1 
2 -39 -28 -14 1 1 1 
2 -13 0 25 1 1 1 
2 -10 0 8 1 1 1 
2 -40 -28 -47 1 1 1 
2 -14 0 22 1 1 1 
2 -10 0 23 1 1 1 
2 -9 0 32 1 1 1 
2 -10 1 -2 1 1 1 
2 -24 -28 14 1 1 1 
2 -7 0 31 1 1 1 
2 -18 0 13 1 1 1 
2 -32 -28 -49 1 1 1 
2 -51 -28 115 1 1 1 
2 -29 -28 70 1 1 1 
2 -10 0 6 1 1 1 
2 -28 -28 25 1 1 1 
2 -12 0 38 1 1 1 
2 -13 0 28 1 1 1 
2 -25 -28 -22 1 1 1 
2 -11 0 41 1 1 1 
2 -8 0 20 1 1 1 
2 -40 -28 29 1 1 1 
2 -51 -28 22 1 1 1 
2 -49 -28 43 1 1 1 
2 -36 -28 63 1 1 1 
2 -42 -28 -47 1 1 1 
2 -48 -28 -21 1 1 1 
2 -12 0 20 1 1 1 
2 -43 -28 -26 1 1 1 
2 -11 0 3 1 1 1 
2 -32 -28 49 1 1 1 
2 -9 1 44 1 1 1 
2 -9 1 45 1 1 1 
2 -10 1 45 1 1 1 
2 -11 1 45 1 1 1 
2 -12 1 45 1 1 1 
2 -13 1 45 1 1 1 
2 -14 1 45 1 1 1 
2 -15 1 45 1 1 1 
2 -15 1 44 1 1 1 
2 -15 1 43 1 1 1 
2 -14 1 43 1 1 1 
2 -13 1 43 1 1 1 
2 -9 1 43 1 1 1 
2 -10 1 43 1 1 1 
2 -11 1 43 1 1 1 
2 -12 1 43 1 1 1 
2 -49 -28 92 1 1 1 
2 -19 1 15 1 1 1 
2 -9 0 0 1 1 1 
2 -37 -28 89 1 1 1 
2 -18 0 11 1 1 1 
2 -10 0 1 1 1 1 
2 -43 -28 52 1 1 1 
2 -16 0 21 1 1 1 
2 -14 0 46 1 1 1 
2 -12 0 24 1 1 1 
2 -7 0 43 1 1 1 
2 -35 -28 -14 1 1 1 
2 -6 1 39 1 1 1 
2 -19 1 32 1 1 1 
2 -34 -28 -30 1 1 1 
2 -37 -28 2 1 1 1 
2 -32 -28 71 1 1 1 
2 -37 -28 8 1 1 1 
2 -44 -28 72 1 1 1 
2 -30 -28 21 1 1 1 
2 -35 -28 12 1 1 1 
2 -42 -28 77 1 1 1 
2 -38 -28 4 1 1 1 
2 -13 0 42 1 1 1 
2 -45 -28 -40 1 1 1 
2 -19 1 44 1 1 1 
2 -9 0 46 1 1 1 
2 -6 1 41 1 1 1 
2 -8 0 33 1 1 1 
2 -12 0 43 1 1 1 
2 -33 -28 59 1 1 1 
2 -19 1 20 1 1 1 
2 -11 0 39 1 1 1 
2 -15 0 16 1 1 1 
2 -8 0 7 1 1 1 
2 -28 -28 2 1 1 1 
2 -15 1 -2 1 1 1 
2 -49 -28 66 1 1 1 
2 -17 0 1 1 1 1 
2 -33 -28 -39 1 1 1 
2 -6 1 -1 1 1 1 
2 -17 0 20 1 1 1 
2 -10 0 22 1 1 1 
2 -15 0 32 1 1 1 
2 -19 -28 10 1 1 1 
2 -19 1 35 1 1 1 
2 -17 0 29 1 1 1 
2 -16 0 27 1 1 1 
2 -12 0 40 1 1 1 
2 -33 -28 -16 1 1 1 
2 -44 -28 103 1 1 1 
2 -11 0 10 1 1 1 
2 -16 0 29 1 1 1 
2 -11 0 34 1 1 1 
2 -35 -28 -40 1 1 1 
2 -22 -28 29 1 1 1 
2 -6 1 30 1 1 1 
2 -19 1 23 1 1 1 
2 -49 -28 19 1 1 1 
2 -8 0 6 1 1 1 
2 -9 0 12 1 1 1 
2 -19 1 24 1 1 1 
2 -19 1 34 1 1 1 
2 -31 -28 6 1 1 1 
2 -13 0 12 1 1 1 
2 -32 -28 67 1 1 1 
2 -25 -28 96 1 1 1 
2 -18 0 23 1 1 1 
2 -46 -28 16 1 1 1 
2 -6 1 47 1 1 1 
2 -18 0 12 1 1 1 
2 -18 0 40 1 1 1 
2 -29 -28 102 1 1 1 
2 -8 1 48 1 1 1 
2 -35 -28 105 1 1 1 
2 -6 1 21 1 1 1 
2 -37 -28 84 1 1 1 
2 -41 -28 11 1 1 1 
2 -18 0 10 1 1 1 
2 -7 0 41 1 1 1 
2 -7 0 42 1 1 1 
2 -43 -28 -31 1 1 1 
2 -10 0 43 1 1 1 
2 -19 1 36 1 1 1 
2 -6 1 19 1 1 1 
2 -12 0 14 1 1 1 
2 -39 -28 57 1 1 1 
2 -12 0 47 1 1 1 
2 -54 -28 -4 1 1 1 
2 -13 0 5 1 1 1 
2 -19 1 21 1 1 1 
2 -6 1 29 1 1 1 
2 -13 0 17 1 1 1 
2 -19 1 17 1 1 1 
2 -15 0 2 1 1 1 
2 -10 0 47 1 1 1 
2 -19 1 28 1 1 1 
2 -35 -28 28 1 1 1 
2 -36 -28 80 1 1 1 
2 -6 1 7 1 1 1 
2 -16 0 34 1 1 1 
2 -11 0 28 1 1 1 
2 -17 0 47 1 1 1 
2 -16 0 -1 1 1 1 
2 -45 -28 -3 1 1 1 
2 -12 0 34 1 1 1 
2 -16 1 48 1 1 1 
2 -17 0 0 1 1 1 
2 -39 -28 91 1 1 1 
2 -27 -28 29 1 1 1 
2 -33 -28 65 1 1 1 
2 -53 -28 -41 1 1 1 
2 -16 0 13 1 1 1 
2 -18 0 26 1 1 1 
2 -34 -28 49 1 1 1 
2 -10 0 26 1 1 1 
2 -6 1 11 1 1 1 
2 -49 -28 117 1 1 1 
2 -35 -28 98 1 1 1 
2 -25 -28 29 1 1 1 
2 -44 -28 27 1 1 1 
2 -19 1 20 1 1 1 
2 -36 -28 -31 1 1 1 
2 -47 -28 79 1 1 1 
2 -39 -28 113 1 1 1 
2 -10 0 32 1 1 1 
2 -17 0 9 1 1 1 
2 -19 1 42 1 1 1 
2 -17 0 40 1 1 1 
2 -8 0 25 1 1 1 
2 -28 -28 -30 1 1 1 
2 -42 -28 54 1 1 1 
2 -15 0 0 1 1 1 
2 -19 1 38 1 1 1 
2 -48 -28 32 1 1 1 
2 -9 0 34 1 1 1 
2 -19 1 47 1 1 1 
2 -11 0 18 1 1 1 
2 -19 1 37 1 1 1 
2 -6 1 0 1 1 1 
2 -54 -28 107 1 1 1 
2 -19 1 5 1 1 1 
2 -6 1 25 1 1 1 
2 -18 0 4 1 1 1 
2 -34 -28 -25 1 1 1 
2 -37 -28 -42 1 1 1 
2 -19 1 31 1 1 1 
2 -7 0 46 1 1 1 
2 -9 0 13 1 1 1 
2 -7 0 14 1 1 1 
2 -16 0 22 1 1 1 
2 -8 1 -1 1 1 1 
2 -9 1 -1 1 1 1 
2 -15 0 44 1 1 1 
2 -37 -28 56 1 1 1 
2 -17 0 7 1 1 1 
2 -43 -28 42 1 1 1 
2 -8 1 -2 1 1 1 
2 -9 0 45 1 1 1 
2 -38 -28 -17 1 1 1 
2 -16 0 2 1 1 1 
2 -18 0 34 1 1 1 
2 -49 -28 -12 1 1 1 
2 -11 0 21 1 1 1 
2 -48 -28 86 1 1 1 
2 -8 0 14 1 1 1 
2 -58 -28 -6 1 1 1 
2 -17 1 47 1 1 1 
2 -18 0 28 1 1 1 
2 -18 0 29 1 1 1 
2 -17 0 8 1 1 1 
2 -31 -28 100 1 1 1 
2 -16 0 4 1 1 1 
2 -45 -28 12 1 1 1 
2 -11 0 4 1 1 1 
2 -9 0 3 1 1 1 
2 -33 -28 52 1 1 1 
2 -19 1 23 1 1 1 
2 -29 -28 66 1 1 1 
2 -29 -28 11 1 1 1 
2 -18 0 15 1 1 1 
2 -13 0 22 1 1 1 
2 -8 0 16 1 1 1 
2 -6 1 36 1 1 1 
2 -32 -28 108 1 1 1 
2 -55 -28 84 1 1 1 
2 -16 0 16 1 1 1 
2 -9 0 7 1 1 1 
2 -19 1 7 1 1 1 
2 -48 -28 -42 1 1 1 
2 -47 -28 55 1 1 1 
2 -30 -28 96 1 1 1 
2 -6 1 32 1 1 1 
2 -43 -28 47 1 1 1 
2 -32 -28 38 1 1 1 
2 -49 -28 2 1 1 1 
2 -12 0 42 1 1 1 
2 -50 -28 75 1 1 1 
2 -48 -28 89 1 1 1 
2 -12 0 45 1 1 1 
2 -16 0 23 1 1 1 
2 -6 1 7 1 1 1 
2 -45 -28 52 1 1 1 
2 -6 1 36 1 1 1 
2 -19 1 35 1 1 1 
2 -44 -28 -34 1 1 1 
2 -34 -28 34 1 1 1 
2 -11 0 13 1 1 1 
2 -30 -28 91 1 1 1 
2 -34 -28 74 1 1 1 
2 -17 0 15 1 1 1 
2 -10 0 34 1 1 1 
2 -19 1 33 1 1 1 
2 -40 -28 -4 1 1 1 
2 -16 0 8 1 1 1 
2 -19 1 43 1 1 1 
2 -48 -28 -24 1 1 1 
2 -9 0 47 1 1 1 
2 -16 0 40 1 1 1 
2 -45 -28 -17 1 1 1 
2 -14 0 33 1 1 1 
2 -12 0 9 1 1 1 
2 -14 0 32 1 1 1 
2 -44 -28 30 1 1 1 
2 -36 -28 28 1 1 1 
2 -14 0 26 1 1 1 
2 -15 0 40 1 1 1 
2 -50 -28 -30 1 1 1 
2 -39 -28 -51 1 1 1 
2 -17 0 10 1 1 1 
2 -49 -28 -39 1 1 1 
2 -19 1 14 1 1 1 
2 -14 0 0 1 1 1 
2 -14 0 9 1 1 1 
2 -13 0 20 1 1 1 
2 -19 1 0 1 1 1 
2 -19 1 12 1 1 1 
2 -42 -28 28 1 1 1 
2 -15 0 46 1 1 1 
2 -42 -28 49 1 1 1 
2 -18 0 32 1 1 1 
2 -9 0 -1 1 1 1 
2 -13 0 45 1 1 1 
2 -6 1 31 1 1 1 
2 -52 -28 42 1 1 1 
2 -30 -28 -20 1 1 1 
2 -9 1 48 1 1 1 
2 -13 0 46 1 1 1 
2 -47 -28 -9 1 1 1 
2 -6 1 9 1 1 1 
2 -50 -28 -9 1 1 1 
2 -28 -28 73 1 1 1 
2 -29 -28 11 1 1 1 
2 -18 0 39 1 1 1 
2 -7 1 48 1 1 1 
2 -6 1 13 1 1 1 
2 -43 -28 116 1 1 1 
2 -10 0 29 1 1 1 
2 -41 -28 106 1 1 1 
2 -35 -28 -5 1 1 1 
2 -13 0 1 1 1 1 
2 -7 0 3 1 1 1 
2 -44 -28 77 1 1 1 
2 -6 1 42 1 1 1 
2 -6 1 29 1 1 1 
2 -19 1 15 1 1 1 
2 -32 -28 32 1 1 1 
2 -41 -28 47 1 1 1 
2 -55 -28 -28 1 1 1 
2 -43 -28 79 1 1 1 
2 -19 1 10 1 1 1 
2 -8 0 24 1 1 1 
2 -16 0 28 1 1 1 
2 -15 0 38 1 1 1 
2 -14 0 17 1 1 1 
2 -6 1 8 1 1 1 
2 -12 0 16 1 1 1 
2 -17 0 36 1 1 1 
2 -18 0 24 1 1 1 
2 -13 0 35 1 1 1 
2 -47 -28 83 1 1 1 
2 -45 -28 98 1 1 1 
2 -8 0 17 1 1 1 
2 -11 0 36 1 1 1 
2 -9 0 5 1 1 1 
2 -19 1 32 1 1 1 
2 -19 1 43 1 1 1 
2 -6 1 44 1 1 1 
2 -9 0 41 1 1 1 
2 -11 0 47 1 1 1 
2 -30 -28 79 1 1 1 
2 -10 0 42 1 1 1 
2 -15 0 14 1 1 1 
2 -8 0 18 1 1 1 
2 -13 1 48 1 1 1 
2 -45 -28 101 1 1 1 
2 -26 -28 -26 1 1 1 
2 -16 0 33 1 1 1 
2 -39 -28 -39 1 1 1 
2 -39 -28 -20 1 1 1 
2 -12 0 23 1 1 1 
2 -9 0 24 1 1 1 
2 -21 -28 31 1 1 1 
2 -14 0 29 1 1 1 
2 -6 1 22 1 1 1 
2 -15 0 42 1 1 1 
2 -10 0 13 1 1 1 
2 -20 -28 6 1 1 1 
2 -15 0 19 1 1 1 
2 -8 0 46 1 1 1 
2 -17 0 22 1 1 1 
2 -6 1 -1 1 1 1 
2 -11 0 15 1 1 1 
2 -12 0 27 1 1 1 
2 -10 0 30 1 1 1 
2 -18 0 -1 1 1 1 
2 -14 0 24 1 1 1 
2 -8 0 26 1 1 1 
2 -23 -28 16 1 1 1 
2 -33 -28 7 1 1 1 
2 -15 0 6 1 1 1 
2 -28 -28 -4 1 1 1 
2 -9 0 37 1 1 1 
2 -40 -28 -53 1 1 1 
2 -32 -28 -43 1 1 1 
2 -7 0 47 1 1 1 
2 -6 1 12 1 1 1 
2 -8 0 8 1 1 1 
2 -41 -28 92 1 1 1 
2 -36 -28 -2 1 1 1 
2 -19 1 16 1 1 1 
2 -16 0 14 1 1 1 
2 -25 -28 -15 1 1 1 
2 -42 -28 -34 1 1 1 
2 -10 0 -1 1 1 1 
2 -8 0 19 1 1 1 
2 -16 0 36 1 1 1 
2 -7 0 18 1 1 1 
2 -29 -28 5 1 1 1 
2 -51 -28 -39 1 1 1 
2 -19 1 30 1 1 1 
2 -17 0 14 1 1 1 
2 -14 0 44 1 1 1 
2 -48 -28 -48 1 1 1 
2 -6 1 35 1 1 1 
2 -19 1 29 1 1 1 
2 -30 -28 54 1 1 1 
2 -36 -28 58 1 1 1 
2 -8 0 29 1 1 1 
2 -44 -28 -22 1 1 1 
2 -43 -28 -16 1 1 1 
2 -35 -28 -5 1 1 1 
2 -14 0 28 1 1 1 
2 -15 0 29 1 1 1 
2 -27 -28 -11 1 1 1 
2 -45 -28 -44 1 1 1 
2 -14 0 27 1 1 1 
2 -18 0 45 1 1 1 
2 -10 0 24 1 1 1 
2 -49 -28 28 1 1 1 
2 -19 1 44 1 1 1 
2 -35 -28 31 1 1 1 
2 -6 1 34 1 1 1 
2 -42 -28 58 1 1 1 
2 -6 1 34 1 1 1 
2 -17 0 26 1 1 1 
2 -42 -28 23 1 1 1 
2 -42 -28 -40 1 1 1 
2 -7 0 10 1 1 1 
2 -32 -28 49 1 1 1 
2 -19 1 10 1 1 1 
2 -40 -28 88 1 1 1 
2 -18 0 30 1 1 1 
2 -15 1 17 1 1 1 
2 -56 -28 107 1 1 1 
2 -8 0 40 1 1 1 
2 -18 0 25 1 1 1 
2 -18 0 38 1 1 1 
2 -6 1 14 1 1 1 
2 -7 0 15 1 1 1 
2 -10 1 48 1 1 1 
2 -11 0 26 1 1 1 
2 -55 -28 -21 1 1 1 
2 -43 -28 85 1 1 1 
2 -6 1 1 1 1 1 
2 -27 -28 37 1 1 1 
2 -7 0 24 1 1 1 
2 -18 1 37 1 1 1 
2 -10 0 19 1 1 1 
2 -12 0 39 1 1 1 
2 -19 1 11 1 1 1 
2 -16 0 5 1 1 1 
2 -15 0 3 1 1 1 
2 -19 1 19 1 1 1 
2 -29 -28 -40 1 1 1 
2 -18 0 3 1 1 1 
2 -32 -28 20 1 1 1 
2 -19 1 26 1 1 1 
2 -38 -28 -2 1 1 1 
2 -7 0 13 1 1 1 
2 -10 0 46 1 1 1 
2 -15 0 28 1 1 1 
2 -15 0 1 1 1 1 
2 -11 0 31 1 1 1 
2 -7 0 34 1 1 1 
2 -18 0 44 1 1 1 
2 -60 -28 91 1 1 1 
2 -11 0 27 1 1 1 
2 -9 0 19 1 1 1 
2 -18 0 8 1 1 1 
2 -6 1 40 1 1 1 
2 -51 -28 5 1 1 1 
2 -7 0 8 1 1 1 
2 -9 0 23 1 1 1 
2 -11 0 45 1 1 1 
2 -36 -28 4 1 1 1 
2 -27 -28 20 1 1 1 
2 -32 -28 15 1 1 1 
2 -6 1 33 1 1 1 
2 -15 0 -1 1 1 1 
2 -23 -28 70 1 1 1 
2 -13 0 3 1 1 1 
2 -18 0 1 1 1 1 
2 -46 -28 -36 1 1 1 
2 -7 0 4 1 1 1 
2 -38 -28 109 1 1 1 
2 -32 -28 43 1 1 1 
2 -31 -28 -26 1 1 1 
2 -42 -28 63 1 1 1 
2 -13 0 8 1 1 1 
2 -19 1 27 1 1 1 
2 -12 0 22 1 1 1 
2 -16 1 -2 1 1 1 
2 -13 0 6 1 1 1 
2 -16 0 20 1 1 1 
2 -19 1 6 1 1 1 
2 -41 -28 97 1 1 1 
2 -46 -28 3 1 1 1 
2 -30 -28 -31 1 1 1 
2 -17 0 37 1 1 1 
2 -8 0 38 1 1 1 
2 -34 -28 -11 1 1 1 
2 -18 0 6 1 1 1 
2 -19 1 18 1 1 1 
2 -9 0 35 1 1 1 
2 -49 -28 112 1 1 1 
2 -18 0 0 1 1 1 
2 -53 -28 -7 1 1 1 
2 -40 -28 2 1 1 1 
2 -17 0 39 1 1 1 
2 -16 0 39 1 1 1 
2 -11 0 20 1 1 1 
2 -11 0 17 1 1 1 
2 -15 0 21 1 1 1 
2 -13 0 31 1 1 1 
2 -6 1 6 1 1 1 
2 -26 -28 31 1 1 1 
2 -10 0 7 1 1 1 
2 -19 1 19 1 1 1 
2 -9 1 34 1 1 1 
2 -8 1 34 1 1 1 
2 -8 1 35 1 1 1 
2 -8 1 36 1 1 1 
2 -8 1 37 1 1 1 
2 -8 1 38 1 1 1 
2 -8 1 39 1 1 1 
2 -8 1 40 1 1 1 
2 -9 1 40 1 1 1 
2 -10 1 40 1 1 1 
2 -10 1 39 1 1 1 
2 -10 1 38 1 1 1 
2 -10 1 34 1 1 1 
2 -10 1 35 1 1 1 
2 -10 1 36 1 1 1 
2 -10 1 37 1 1 1 
2 -56 -28 102 1 1 1 
2 -51 -28 66 1 1 1 
2 -53 -28 -14 1 1 1 
2 -11 1 33 1 1 1 
2 -6 1 38 1 1 1 
2 -14 1 48 1 1 1 
2 -11 0 46 1 1 1 
2 -53 -28 -26 1 1 1 
2 -27 -28 -35 1 1 1 
2 -35 -28 -45 1 1 1 
2 -11 0 24 1 1 1 
2 -44 -28 82 1 1 1 
2 -8 0 11 1 1 1 
2 -8 0 2 1 1 1 
